-1.6595,-1.35849,1.58102e-322;4.95031,-1.85818,1.58102e-322;-2.96171,0.515815,1.58102e-322;4.2439,-4.73466,1.58102e-322;-3.08013,-4.04658,1.58102e-322;3.26991,-0.0544229,1.58102e-322;0.428883,-4.76696,1.58102e-322;0.221391,-3.71475,1.58102e-322;-2.55833,1.80121,1.58102e-322;-2.01459,-3.31743,1.58102e-322;-2.96171,0.515815
-2.98648,0.551474,1.58102e-322;-4.15733,0.874562,1.58102e-322;-2.96171,0.515815,1.58102e-322;1.08631,-2.43383,1.58102e-322;0.0454604,-2.83672,1.58102e-322;1.17074,-2.34183,1.58102e-322;1.28933,-1.95416,1.58102e-322;0.64347,-3.01891,1.58102e-322;-0.833718,0.117955,1.58102e-322;-0.949678,-2.87802,1.58102e-322;1.28933,-1.95416
-2.88454,1.34553,1.58102e-322;-5.37574,0.0013645,1.58102e-322;-1.29403,-0.453155,1.58102e-322;-1.21506,-0.511279,1.58102e-322;2.79239,-1.64761,1.58102e-322;-0.398801,-4.02326,1.58102e-322;1.9381,0.166684,1.58102e-322;1.47429,-1.64923,1.58102e-322;0.694614,-1.37372,1.58102e-322;0.808831,-1.6725,1.58102e-322;0.694614,-1.37372
-2.5091,0.126034,1.58102e-322;-1.41448,-1.02614,1.58102e-322;1.76644,-2.0184,1.58102e-322;-1.6522,-0.0334765,1.58102e-322;1.20882,-1.09988,1.58102e-322;1.67583,-1.14851,1.58102e-322;1.44565,0.456201,1.58102e-322;1.88708,-0.540994,1.58102e-322;1.84698,-2.49844,1.58102e-322;2.08893,-0.643662,1.58102e-322;0.694614,-1.37372
-0.215143,-1.73481,1.58102e-322;-1.78958,0.623813,1.58102e-322;0.747403,-1.55749,1.58102e-322;-0.453416,-1.48267,1.58102e-322;-1.35287,-2.53165,1.58102e-322;1.37491,-1.66385,1.58102e-322;0.203466,-3.52711,1.58102e-322;0.0454382,-1.37207,1.58102e-322;0.321798,-1.19056,1.58102e-322;-1.13989,-2.45481,1.58102e-322;0.0454382,-1.37207
1.76041,-2.79558,1.58102e-322;0.763507,-1.39219,1.58102e-322;-0.381452,-1.11474,1.58102e-322;0.203582,-1.84498,1.58102e-322;0.566026,-1.77407,1.58102e-322;-0.35467,-1.72262,1.58102e-322;0.438912,-1.67225,1.58102e-322;-1.34315,-1.9987,1.58102e-322;-0.191127,-0.584571,1.58102e-322;-1.28475,-2.23625,1.58102e-322;0.0454382,-1.37207
-1.2964,-0.854312,1.58102e-322;0.713056,-0.946182,1.58102e-322;0.947718,-1.63865,1.58102e-322;1.061,-2.48818,1.58102e-322;1.35025,-2.79796,1.58102e-322;-1.37765,-1.82855,1.58102e-322;0.376729,-0.832639,1.58102e-322;-0.375203,-2.00545,1.58102e-322;-0.477402,-0.293365,1.58102e-322;1.89079,-1.17159,1.58102e-322;0.438912,-1.67225
-1.19039,-1.01178,1.58102e-322;0.689562,-0.954792,1.58102e-322;1.52325,-1.99127,1.58102e-322;0.551376,-1.90331,1.58102e-322;0.729471,-2.04066,1.58102e-322;-0.452192,-1.75211,1.58102e-322;0.392549,-1.04625,1.58102e-322;1.24507,-1.00376,1.58102e-322;0.654063,-1.76274,1.58102e-322;2.28335,-1.21645,1.58102e-322;0.438912,-1.67225
1.14661,-2.72201,1.58102e-322;0.552753,-2.1445,1.58102e-322;0.219081,-1.4399,1.58102e-322;-0.172646,-1.15952,1.58102e-322;0.0250997,-1.11076,1.58102e-322;0.623712,-1.62558,1.58102e-322;0.517188,-2.72917,1.58102e-322;-0.407888,-1.43545,1.58102e-322;1.43402,-2.83988,1.58102e-322;1.15547,-1.68185,1.58102e-322;0.438912,-1.67225
-0.30786,-1.12174,1.58102e-322;0.812483,-1.23771,1.58102e-322;-0.558359,-1.24179,1.58102e-322;-0.177995,-1.06794,1.58102e-322;-0.355253,-0.611543,1.58102e-322;1.22594,-1.58296,1.58102e-322;0.559451,-3.29981,1.58102e-322;-0.125306,-1.79458,1.58102e-322;1.47064,-2.91665,1.58102e-322;-0.387151,-2.01571,1.58102e-322;0.438912,-1.67225
0.443436,-1.46686,-6.68504;0.30222,-1.77853,-6.68504;0.352183,-1.65127,-6.68504;0.297588,-1.60633,-6.68504;0.1543,-1.75599,-6.68504;0.257094,-1.60171,-6.68504;0.279685,-1.80262,-6.68504;0.23766,-1.79233,-6.68504;0.173052,-1.61072,-6.68504;0.0481046,-1.80912,-6.68504;0.257094,-1.60171
0.0668389,-1.29628,-6.68504;0.103982,-1.63955,-6.68504;0.944979,-1.91115,-6.68504;0.626856,-2.00893,-6.68504;1.20727,-2.97003,-6.68504;-0.47341,-1.61584,-6.68504;0.387411,-0.356626,-6.68504;0.736031,-1.75298,-6.68504;-1.69251,0.883099,-6.68504;-0.468573,-1.77965,-6.68504;0.257094,-1.60171
-0.051564,-1.2532,-6.68504;-0.0179269,-1.52795,-6.68504;-0.0795321,-1.45383,-6.68504;0.102303,-1.40829,-6.68504;0.696044,-2.25071,-6.68504;-0.257555,-1.61166,-6.68504;0.475635,-1.76658,-6.68504;0.58296,-1.72558,-6.68504;0.532213,-2.01026,-6.68504;-0.254943,-1.78563,-6.68504;0.257094,-1.60171
0.907906,-1.8301,-6.68504;0.186783,-1.63608,-6.68504;-0.51838,-1.25603,-6.68504;-0.0952707,-1.16018,-6.68504;-0.162801,-1.15716,-6.68504;0.515155,-1.59671,-6.68504;0.389926,-2.66603,-6.68504;0.208378,-1.66764,-6.68504;1.53565,-3.40553,-6.68504;1.04431,-1.63826,-6.68504;0.257094,-1.60171
0.849735,-1.93592,-6.68504;0.343704,-1.71636,-6.68504;-0.421002,-1.29915,-6.68504;0.202488,-1.52482,-6.68504;-0.207932,-1.25198,-6.68504;0.599183,-1.59509,-6.68504;0.298535,-2.75913,-6.68504;-0.0732975,-1.62293,-6.68504;-0.734527,-0.403499,-6.68504;-0.303688,-1.81882,-6.68504;0.257094,-1.60171
0.172098,-1.54625,0;0.36753,-1.68949,0;0.609848,-1.76206,0;0.609446,-1.96226,0;0.392013,-1.90755,0;0.435076,-1.59826,0;0.474879,0.619107,0;0.209024,-1.63456,0;-1.08484,0.0721025,0;-0.542412,-1.73565,0;0.209024,-1.63456
-0.323108,-1.29006,0;0.120267,-1.59055,0;0.546577,-1.78924,0;0.187866,-1.48397,0;0.384024,-2.02917,0;0.150865,-1.61613,0;0.374196,-2.39373,0;0.421894,-1.64333,0;-0.65145,-0.493046,0;1.18844,-1.71202,0;0.209024,-1.63456
-0.517643,-1.19857,0;0.00236204,-1.56283,0;-0.117787,-1.46606,0;-0.0969705,-1.31102,0;0.18882,-1.87635,0;0.152734,-1.60139,0;0.343979,-3.93985,0;0.462992,-1.64502,0;1.69102,-3.62733,0;1.11689,-1.63629,0;0.209024,-1.63456
0.697495,-1.85112,0;0.319948,-1.69376,0;0.18199,-1.54889,0;0.470101,-1.77288,0;-0.00867021,-1.26874,0;0.340438,-1.60879,0;0.303409,-4.25592,0;0.00333965,-1.62609,0;2.59295,-4.83821,0;-1.35369,-1.88526,0;0.209024,-1.63456
0.777518,-1.87425,0;0.444963,-1.7323,0;0.420775,-1.65176,0;0.551106,-1.80856,0;0.243334,-1.92992,0;0.305554,-1.61512,0;0.278024,-2.87455,0;-0.280275,-1.6144,0;0.985031,-2.695,0;-0.483074,-1.91507,0;0.209024,-1.63456
-0.229465,-1.32349,0;0.105089,-1.59336,0;0.0757176,-1.56081,0;0.350621,-1.68978,0;0.294674,-2.02856,0;0.191895,-1.61501,0;0.250534,-1.44738,0;1.08178,-1.67051,0;-0.498741,-0.709618,0;0.7877,-1.7357,0;0.209024,-1.63456
0.172584,-1.62571,0;-0.137593,-1.49457,0;0.061857,-1.50348,0;0.0519759,-1.45553,0;0.207105,-1.84687,0;0.234193,-1.59716,0;0.573993,-0.996369,0;1.80342,-1.70024,0;-1.11697,0.126616,0;0.388503,-1.6279,0;0.209024,-1.63456
0.513149,-1.86267,0;0.434996,-1.73663,0;0.391511,-1.65015,0;0.0538149,-1.45716,0;0.0832893,-1.58763,0;0.241443,-1.62032,0;0.662986,-1.06945,0;0.163261,-1.63147,0;-1.25419,0.328909,0;-0.104008,-1.61288,0;0.241443,-1.62032
-0.107732,-1.3896,0;0.145487,-1.58275,0;0.332115,-1.61214,0;0.418857,-1.72249,0;0.125334,-1.54284,0;0.246909,-1.63778,0;0.201649,-1.86681,0;-0.999423,-1.57598,0;0.0624929,-1.43248,0;-0.0105419,-1.73459,0;0.241443,-1.62032
-0.0108669,-1.45005,0;-0.0234978,-1.50729,0;0.182495,-1.59294,0;0.540536,-1.819,0;0.180001,-1.52439,0;0.23868,-1.61149,0;0.0317878,-2.27262,0;0.679147,-1.64031,0;1.42984,-3.2692,0;0.170203,-1.77636,0;0.241443,-1.62032
0.156468,-1.56667,1.58102e-322;0.225453,-1.66057,1.58102e-322;0.100439,-1.59274,1.58102e-322;0.0921027,-1.44532,1.58102e-322;0.279399,-1.60131,1.58102e-322;0.237925,-1.60908,1.58102e-322;0.582046,-1.23291,1.58102e-322;0.754419,-1.66468,1.58102e-322;1.26045,-3.01084,1.58102e-322;0.347952,-1.71702,1.58102e-322;0.241443,-1.62032
0.309177,-1.70313,1.58102e-322;0.370558,-1.70125,1.58102e-322;0.196907,-1.59958,1.58102e-322;-0.0201526,-1.3964,1.58102e-322;0.338718,-1.66714,1.58102e-322;0.240422,-1.61706,1.58102e-322;0.893057,-0.663828,1.58102e-322;-0.433619,-1.60211,1.58102e-322;0.25493,-1.63986,1.58102e-322;0.40717,-1.60436,1.58102e-322;0.241443,-1.62032
0.165174,-1.63154,1.58102e-322;0.147784,-1.57594,1.58102e-322;0.270994,-1.60536,1.58102e-322;0.540183,-1.83572,1.58102e-322;0.248208,-1.59751,1.58102e-322;0.242795,-1.62464,1.58102e-322;-0.0191323,-2.50498,1.58102e-322;0.193648,-1.61855,1.58102e-322;-0.509691,-0.596773,1.58102e-322;0.330509,-1.55488,1.58102e-322;0.241443,-1.62032
0.132211,-1.56476,1.58102e-322;0.0956118,-1.56579,1.58102e-322;0.319103,-1.61365,1.58102e-322;0.56963,-1.87058,1.58102e-322;0.172861,-1.56896,1.58102e-322;0.243132,-1.62571,1.58102e-322;-0.362732,-2.80497,1.58102e-322;0.69761,-1.64109,1.58102e-322;0.409649,-1.85016,1.58102e-322;0.210496,-1.56328,1.58102e-322;0.241443,-1.62032
0.224775,-1.64739,1.58102e-322;0.231352,-1.65974,1.58102e-322;0.261586,-1.62146,1.58102e-322;-0.263719,-1.14009,1.58102e-322;0.269022,-1.62991,1.58102e-322;0.241644,-1.62096,1.58102e-322;1.30425,0.00990848,1.58102e-322;0.99893,-1.65541,1.58102e-322;0.884692,-2.49869,1.58102e-322;0.128351,-1.58507,1.58102e-322;0.241644,-1.62096
0.310672,-1.68447,1.58102e-322;0.335486,-1.69392,1.58102e-322;0.208901,-1.62712,1.58102e-322;-0.384774,-1.05311,1.58102e-322;0.316153,-1.65562,1.58102e-322;0.240523,-1.61738,1.58102e-322;1.21682,-0.183839,1.58102e-322;-0.638538,-1.61257,1.58102e-322;-0.213812,-1.00061,1.58102e-322;0.230446,-1.61908,1.58102e-322;0.230446,-1.61908
0.185204,-1.61204,1.58102e-322;0.161879,-1.61215,1.58102e-322;0.175195,-1.62914,1.58102e-322;0.273933,-1.67541,1.58102e-322;0.187686,-1.55456,1.58102e-322;0.235012,-1.62116,1.58102e-322;-0.0750888,-2.4413,1.58102e-322;-1.48199,-1.5865,1.58102e-322;0.188632,-1.55895,1.58102e-322;0.307426,-1.64473,1.58102e-322;0.230446,-1.61908
0.162222,-1.60955,1.58102e-322;0.0713362,-1.57649,1.58102e-322;0.244245,-1.61988,1.58102e-322;0.776187,-2.0029,1.58102e-322;0.219723,-1.60052,1.58102e-322;0.230606,-1.62391,1.58102e-322;-0.664062,-3.4312,1.58102e-322;-1.73487,-1.5774,1.58102e-322;0.591399,-2.11452,1.58102e-322;0.333138,-1.65503,1.58102e-322;0.230606,-1.62391
0.211528,-1.63434,1.58102e-322;0.193535,-1.6267,1.58102e-322;0.285859,-1.61598,1.58102e-322;0.62277,-1.86331,1.58102e-322;0.246293,-1.64037,1.58102e-322;0.227283,-1.62597,1.58102e-322;-0.637938,-3.38071,1.58102e-322;0.56956,-1.63997,1.58102e-322;0.584131,-2.10407,1.58102e-322;0.27018,-1.63413,1.58102e-322;0.227283,-1.62597
0.256349,-1.64897,1.58102e-322;0.325229,-1.6637,1.58102e-322;0.275883,-1.61758,1.58102e-322;0.0300767,-1.42585,1.58102e-322;0.259394,-1.66516,1.58102e-322;0.224778,-1.62753,1.58102e-322;2.2458,1.47764,1.58102e-322;2.07679,-1.67882,1.58102e-322;0.312733,-1.73694,1.58102e-322;0.106561,-1.58235,1.58102e-322;0.227283,-1.62597
0.221444,-1.62946,-7.77115;0.0563878,-1.57735,-7.77115;0.201528,-1.62405,-7.77115;-0.381305,-1.12321,-7.77115;0.242367,-1.64678,-7.77115;0.229866,-1.62437,-7.77115;0.152512,-1.82514,-7.77115;0.543198,-1.63847,-7.77115;0.159008,-1.77617,-7.77115;0.0951997,-1.58099,-7.77115;0.227283,-1.62597
0.195756,-1.61437,-7.77115;-0.0943809,-1.52801,-7.77115;0.200526,-1.62685,-7.77115;-0.564837,-0.997828,-7.77115;0.218163,-1.61628,-7.77115;0.230723,-1.62383,-7.77115;-0.998844,-3.98571,-7.77115;-1.06601,-1.59376,-7.77115;-0.0229525,-1.35015,-7.77115;0.262991,-1.63607,-7.77115;0.227283,-1.62597
0.215019,-1.6223,-7.77115;0.156485,-1.6126,-7.77115;0.278842,-1.6184,-7.77115;1.61799,-2.59123,-7.77115;0.20867,-1.60259,-7.77115;0.222212,-1.62913,-7.77115;-0.66391,-3.51402,-7.77115;-0.00657879,-1.62279,-7.77115;0.467259,-2.20189,-7.77115;0.36184,-1.66826,-7.77115;0.227283,-1.62597
0.250772,-1.6457,-7.77115;0.469315,-1.70934,-7.77115;0.228469,-1.62271,-7.77115;1.41002,-2.45087,-7.77115;0.229665,-1.62943,-7.77115;0.225073,-1.62735,-7.77115;2.31625,1.66958,-7.77115;1.32937,-1.66802,-7.77115;0.494531,-2.1677,-7.77115;0.263597,-1.63141,-7.77115;0.227283,-1.62597
0.203159,-1.61449,-7.77115;0.161766,-1.61225,-7.77115;0.189248,-1.62938,-7.77115;-0.641313,-0.917411,-7.77115;0.244602,-1.64837,-7.77115;0.233711,-1.62197,-7.77115;2.01024,1.51594,-7.77115;-0.126382,-1.61893,-7.77115;0.022215,-1.31639,-7.77115;0.163308,-1.59804,-7.77115;0.227283,-1.62597
0.207469,-1.61473,7.5102e-317;-0.0209835,-1.56017,7.5102e-317;0.267273,-1.61839,7.5102e-317;-0.14162,-1.32206,7.5102e-317;0.227167,-1.62597,7.5102e-317;0.233495,-1.62211,7.5102e-317;0.0790367,-1.98196,7.5102e-317;-0.643533,-1.60203,7.5102e-317;0.0403401,-1.55889,7.5102e-317;0.230112,-1.62456,7.5102e-317;0.227283,-1.62597
0.221873,-1.62658,7.5102e-317;0.116166,-1.59832,7.5102e-317;0.271266,-1.61908,7.5102e-317;0.76719,-1.97259,7.5102e-317;0.214048,-1.60909,7.5102e-317;0.226045,-1.62674,7.5102e-317;-0.725891,-3.90445,7.5102e-317;-0.693026,-1.59959,7.5102e-317;0.100806,-1.75903,7.5102e-317;0.280419,-1.64459,7.5102e-317;0.227283,-1.62597
0.23433,-1.63533,7.5102e-317;0.317849,-1.6543,7.5102e-317;0.195973,-1.62917,7.5102e-317;0.71982,-1.89294,7.5102e-317;0.230819,-1.63055,7.5102e-317;0.222464,-1.62897,7.5102e-317;1.44182,0.423458,7.5102e-317;1.3085,-1.66808,7.5102e-317;0.409424,-1.78392,7.5102e-317;0.273709,-1.64266,7.5102e-317;0.227283,-1.62597
0.226677,-1.62502,7.5102e-317;0.254509,-1.64521,7.5102e-317;0.169732,-1.63085,7.5102e-317;0.441276,-1.67126,7.5102e-317;0.237407,-1.63913,7.5102e-317;0.227926,-1.62557,7.5102e-317;0.477287,-1.30325,7.5102e-317;0.814019,-1.6492,7.5102e-317;0.445995,-1.75385,7.5102e-317;0.211178,-1.61871,7.5102e-317;0.227926,-1.62557
0.221018,-1.61729,7.5102e-317;0.111994,-1.60941,7.5102e-317;0.251042,-1.61869,7.5102e-317;-0.0662484,-1.41355,7.5102e-317;0.214235,-1.60819,7.5102e-317;0.232044,-1.62301,7.5102e-317;-0.556134,-3.06733,7.5102e-317;-0.303051,-1.61413,7.5102e-317;-0.0105459,-1.75376,7.5102e-317;0.189443,-1.60931,7.5102e-317;0.227926,-1.62557
0.230398,-1.62972,1.10671e-321;0.0391659,-1.58831,1.10671e-321;0.265019,-1.61865,1.10671e-321;0.127834,-1.56607,1.10671e-321;0.217203,-1.61292,1.10671e-321;0.232496,-1.62273,1.10671e-321;0.557027,-1.65586,1.10671e-321;-0.246347,-1.61779,1.10671e-321;0.113167,-1.71784,1.10671e-321;0.232548,-1.62469,1.10671e-321;0.227926,-1.62557
0.228001,-1.6264,1.10671e-321;0.273568,-1.63788,1.10671e-321;0.222929,-1.6278,1.10671e-321;0.309622,-1.69985,1.10671e-321;0.233908,-1.63381,1.10671e-321;0.225679,-1.62697,1.10671e-321;1.22059,-0.593547,1.10671e-321;0.460915,-1.63475,1.10671e-321;0.304027,-1.6123,1.10671e-321;0.262532,-1.6364,1.10671e-321;0.227926,-1.62557
0.226132,-1.62322,1.10671e-321;0.295367,-1.65113,1.10671e-321;0.201273,-1.62621,1.10671e-321;0.354279,-1.61149,1.10671e-321;0.238134,-1.63962,1.10671e-321;0.225147,-1.6273,1.10671e-321;-0.0818175,-2.00748,1.10671e-321;0.523385,-1.63891,1.10671e-321;0.392462,-1.5424,1.10671e-321;0.205609,-1.61789,1.10671e-321;0.227926,-1.62557
0.230006,-1.62925,1.10671e-321;0.23111,-1.64174,1.10671e-321;0.209016,-1.62222,1.10671e-321;0.262654,-1.55766,1.10671e-321;0.232919,-1.63327,1.10671e-321;0.228925,-1.62495,1.10671e-321;-0.200447,-2.32213,1.10671e-321;0.0824785,-1.63035,1.10671e-321;0.196647,-1.64957,1.10671e-321;0.215568,-1.6188,1.10671e-321;0.227926,-1.62557
0.226856,-1.62433,1.10671e-321;0.179062,-1.61639,1.10671e-321;0.217795,-1.61935,1.10671e-321;0.241418,-1.59714,1.10671e-321;0.22274,-1.61937,1.10671e-321;0.22997,-1.6243,1.10671e-321;0.290981,-1.75021,1.10671e-321;0.107375,-1.62857,1.10671e-321;0.0769783,-1.70891,1.10671e-321;0.230511,-1.62293,1.10671e-321;0.227926,-1.62557
0.226246,-1.62372,7.68092e-317;0.161004,-1.60428,7.68092e-317;0.249228,-1.62702,7.68092e-317;0.214682,-1.6495,7.68092e-317;0.220495,-1.61567,7.68092e-317;0.227919,-1.62558,7.68092e-317;0.589076,-1.17579,7.68092e-317;0.436153,-1.63586,7.68092e-317;0.400947,-1.53873,7.68092e-317;0.239419,-1.62951,7.68092e-317;0.227926,-1.62557
0.230165,-1.62916,7.68092e-317;0.181336,-1.60681,7.68092e-317;0.256602,-1.63117,7.68092e-317;0.206232,-1.66783,7.68092e-317;0.223663,-1.61991,7.68092e-317;0.226392,-1.62653,7.68092e-317;0.138629,-1.95243,7.68092e-317;0.0661464,-1.63087,7.68092e-317;0.40475,-1.53615,7.68092e-317;0.231969,-1.62832,7.68092e-317;0.227926,-1.62557
0.232036,-1.63167,7.68092e-317;0.290148,-1.66244,7.68092e-317;0.214565,-1.62019,7.68092e-317;0.206054,-1.669,7.68092e-317;0.230078,-1.62943,7.68092e-317;0.226764,-1.62629,7.68092e-317;-0.128109,-2.33163,7.68092e-317;0.0511575,-1.62964,7.68092e-317;0.145518,-1.67372,7.68092e-317;0.224926,-1.62539,7.68092e-317;0.227926,-1.62557
0.226508,-1.62366,7.68092e-317;0.285954,-1.66062,7.68092e-317;0.206512,-1.61964,7.68092e-317;0.228479,-1.62465,7.68092e-317;0.228959,-1.629,7.68092e-317;0.229823,-1.62439,7.68092e-317;0.316678,-1.66914,7.68092e-317;0.188319,-1.6266,7.68092e-317;0.0599931,-1.71674,7.68092e-317;0.229735,-1.62202,7.68092e-317;0.227926,-1.62557
0.225214,-1.62254,7.68092e-317;0.188427,-1.61144,7.68092e-317;0.232954,-1.62629,7.68092e-317;0.245182,-1.59155,7.68092e-317;0.22625,-1.62351,7.68092e-317;0.231913,-1.62309,7.68092e-317;0.627825,-1.15773,7.68092e-317;0.32424,-1.62421,7.68092e-317;0.371412,-1.55691,7.68092e-317;0.232111,-1.6245,7.68092e-317;0.227926,-1.62557
0.230952,-1.6303,0;0.18938,-1.61068,0;0.246719,-1.63007,0;0.216855,-1.64762,0;0.227027,-1.62433,0;0.224699,-1.62758,0;0.119238,-1.91132,0;0.167079,-1.64335,0;0.432255,-1.5223,0;0.231948,-1.62686,0;0.227926,-1.62557
0.229544,-1.62817,1.58102e-322;0.245974,-1.64543,1.58102e-322;0.222647,-1.62183,1.58102e-322;0.207977,-1.6651,1.58102e-322;0.228026,-1.62792,1.58102e-322;0.221729,-1.62943,1.58102e-322;0.0644961,-1.9013,1.58102e-322;0.162529,-1.62833,1.58102e-322;0.256828,-1.60966,1.58102e-322;0.231222,-1.62835,1.58102e-322;0.227926,-1.62557
0.225475,-1.62268,1.58102e-322;0.252265,-1.64425,1.58102e-322;0.210473,-1.61845,1.58102e-322;0.258878,-1.56447,1.58102e-322;0.227707,-1.62605,1.58102e-322;0.228149,-1.62543,1.58102e-322;0.28314,-1.60235,1.58102e-322;0.286503,-1.62841,1.58102e-322;0.122814,-1.67649,1.58102e-322;0.225957,-1.61921,1.58102e-322;0.228149,-1.62543
0.228219,-1.62685,1.58102e-322;0.202015,-1.62874,1.58102e-322;0.260601,-1.63328,1.58102e-322;0.230668,-1.62054,1.58102e-322;0.227827,-1.62414,1.58102e-322;0.232989,-1.62242,1.58102e-322;0.406852,-1.39421,1.58102e-322;0.328253,-1.63049,1.58102e-322;0.120567,-1.67885,1.58102e-322;0.225207,-1.61859,1.58102e-322;0.228149,-1.62543
0.230225,-1.62934,1.58102e-322;0.196026,-1.62785,1.58102e-322;0.227987,-1.62272,1.58102e-322;0.202585,-1.6758,1.58102e-322;0.227714,-1.62646,1.58102e-322;0.230737,-1.62382,1.58102e-322;0.30677,-1.55745,1.58102e-322;0.25337,-1.62999,1.58102e-322;0.502396,-1.48717,1.58102e-322;0.236737,-1.63623,1.58102e-322;0.228149,-1.62543
0.22692,-1.6236,1.58102e-322;0.243464,-1.64116,1.58102e-322;0.204235,-1.61548,1.58102e-322;0.234467,-1.61271,1.58102e-322;0.228017,-1.62644,1.58102e-322;0.226231,-1.62663,1.58102e-322;0.149876,-1.79032,1.58102e-322;0.082115,-1.63378,1.58102e-322;0.594742,-1.44032,1.58102e-322;0.235056,-1.63515,1.58102e-322;0.228149,-1.62543
0.22681,-1.62535,1.58102e-322;0.256382,-1.63747,1.58102e-322;0.219965,-1.62101,1.58102e-322;0.247065,-1.58808,1.58102e-322;0.227939,-1.6253,1.58102e-322;0.224558,-1.62767,1.58102e-322;0.193301,-1.72437,1.58102e-322;0.357305,-1.63047,1.58102e-322;0.26927,-1.60327,1.58102e-322;0.22773,-1.62387,1.58102e-322;0.228149,-1.62543
0.229242,-1.62758,1.58102e-322;0.258617,-1.63199,1.58102e-322;0.247321,-1.62926,1.58102e-322;0.231938,-1.61812,1.58102e-322;0.227901,-1.62445,1.58102e-322;0.228935,-1.62494,1.58102e-322;0.252969,-1.60317,1.58102e-322;0.41931,-1.62696,1.58102e-322;-0.0147871,-1.74647,1.58102e-322;0.227422,-1.61833,1.58102e-322;0.228149,-1.62543
0.230258,-1.62794,1.58102e-322;0.227943,-1.62512,1.58102e-322;0.22872,-1.62285,1.58102e-322;0.214773,-1.65175,1.58102e-322;0.228001,-1.62503,1.58102e-322;0.230719,-1.62384,1.58102e-322;0.272993,-1.53418,1.58102e-322;0.00626519,-1.63266,1.58102e-322;0.10401,-1.68832,1.58102e-322;0.228465,-1.62172,1.58102e-322;0.228149,-1.62543
0.225998,-1.6244,1.58102e-322;0.204905,-1.62009,1.58102e-322;0.214649,-1.61822,1.58102e-322;0.226765,-1.62794,1.58102e-322;0.228105,-1.62603,1.58102e-322;0.227553,-1.6258,1.58102e-322;0.249773,-1.60978,1.58102e-322;0.228466,-1.63548,1.58102e-322;0.357516,-1.56021,1.58102e-322;0.230882,-1.63163,1.58102e-322;0.228149,-1.62543
0.226481,-1.6253,1.62415;0.244571,-1.62908,1.62415;0.235666,-1.6258,1.62415;0.238581,-1.60479,1.62415;0.228097,-1.62554,1.62415;0.226198,-1.62671,1.62415;0.216062,-1.67856,1.62415;0.395859,-1.63368,1.62415;0.222739,-1.62549,1.62415;0.232377,-1.63662,1.62415;0.228097,-1.62554
0.22954,-1.62791,1.58102e-322;0.231113,-1.62592,1.58102e-322;0.24582,-1.62994,1.58102e-322;0.232036,-1.61772,1.58102e-322;0.228091,-1.62517,1.58102e-322;0.227265,-1.62609,1.58102e-322;0.266156,-1.56366,1.58102e-322;0.0850184,-1.62828,1.58102e-322;0.14089,-1.66777,1.58102e-322;0.227585,-1.61814,1.58102e-322;0.228097,-1.62554
0.22833,-1.62629,1.58102e-322;0.214997,-1.62219,1.58102e-322;0.212903,-1.61852,1.58102e-322;0.221553,-1.63841,1.58102e-322;0.228102,-1.62585,1.58102e-322;0.229492,-1.62464,1.58102e-322;0.225954,-1.64487,1.58102e-322;0.273414,-1.63651,1.58102e-322;0.220137,-1.6293,1.58102e-322;0.229747,-1.62405,1.58102e-322;0.228097,-1.62554
0.227176,-1.62429,1.58102e-322;0.216736,-1.6227,1.58102e-322;0.224562,-1.62106,1.58102e-322;0.226814,-1.62801,1.58102e-322;0.228099,-1.62565,1.58102e-322;0.228148,-1.62538,1.58102e-322;0.197319,-1.69098,1.58102e-322;0.372338,-1.63809,1.58102e-322;0.281069,-1.59974,1.58102e-322;0.231375,-1.62972,1.58102e-322;0.228097,-1.62554
0.226867,-1.62358,1.58102e-322;0.231027,-1.62614,1.58102e-322;0.243921,-1.63006,1.58102e-322;0.23458,-1.61264,1.58102e-322;0.228094,-1.62535,1.58102e-322;0.227092,-1.62613,1.58102e-322;0.20808,-1.66285,1.58102e-322;0.143607,-1.62244,1.58102e-322;0.171796,-1.65285,1.58102e-322;0.229796,-1.62595,1.58102e-322;0.228097,-1.62554
0.229052,-1.62719,1.58102e-322;0.233899,-1.62639,1.58102e-322;0.229231,-1.62464,1.58102e-322;0.221875,-1.63772,1.58102e-322;0.228096,-1.62549,1.58102e-322;0.226972,-1.62627,1.58102e-322;0.24831,-1.60155,1.58102e-322;0.0186317,-1.61647,1.58102e-322;0.21535,-1.63161,1.58102e-322;0.227594,-1.62286,1.58102e-322;0.228097,-1.62554
0.22974,-1.62836,1.58102e-322;0.226233,-1.62477,1.58102e-322;0.217019,-1.62145,1.58102e-322;0.225941,-1.62974,1.58102e-322;0.228099,-1.62566,1.58102e-322;0.22753,-1.62595,1.58102e-322;0.237188,-1.61875,1.58102e-322;0.0484728,-1.62164,1.58102e-322;0.252991,-1.61329,1.58102e-322;0.228827,-1.62494,1.58102e-322;0.228097,-1.62554
0.229095,-1.62744,1.58102e-322;0.221589,-1.62393,1.58102e-322;0.237756,-1.62743,1.58102e-322;0.230963,-1.61987,1.58102e-322;0.228098,-1.62558,1.58102e-322;0.229114,-1.62479,1.58102e-322;0.227204,-1.63292,1.58102e-322;0.383926,-1.64921,1.58102e-322;0.260143,-1.60991,1.58102e-322;0.228944,-1.62718,1.58102e-322;0.228097,-1.62554
0.227104,-1.62418,1.58102e-322;0.221493,-1.62401,1.58102e-322;0.231083,-1.62527,1.58102e-322;0.233326,-1.61523,1.58102e-322;0.228095,-1.62542,1.58102e-322;0.22882,-1.62492,1.58102e-322;0.219891,-1.64182,1.58102e-322;0.332621,-1.64108,1.58102e-322;0.159579,-1.65882,1.58102e-322;0.228177,-1.62466,1.58102e-322;0.228097,-1.62554
0.227651,-1.62516,1.58102e-322;0.230363,-1.62583,1.58102e-322;0.221389,-1.62322,1.58102e-322;0.227841,-1.62588,1.58102e-322;0.228097,-1.62552,1.58102e-322;0.227814,-1.62565,1.58102e-322;0.230038,-1.62325,1.58102e-322;0.120303,-1.61976,1.58102e-322;0.249208,-1.61512,1.58102e-322;0.227936,-1.62335,1.58102e-322;0.228097,-1.62554
0.2296,-1.76622,1.58102e-322;0.231801,-1.62607,1.58102e-322;0.226057,-1.62408,1.58102e-322;0.223731,-1.63388,1.58102e-322;0.228098,-1.62562,1.58102e-322;0.22774,-1.62577,1.58102e-322;0.236021,-1.61121,1.58102e-322;0.300457,-1.64142,1.58102e-322;0.306265,-1.58733,1.58102e-322;0.228224,-1.62424,1.58102e-322;0.228097,-1.62554
0.228914,-1.67051,1.58102e-322;0.22711,-1.62523,1.58102e-322;0.236494,-1.62707,1.58102e-322;0.231806,-1.61832,1.58102e-322;0.228097,-1.62554,1.58102e-322;0.228518,-1.6252,1.58102e-322;0.229703,-1.62348,1.58102e-322;0.304543,-1.63761,1.58102e-322;0.159577,-1.65892,1.58102e-322;0.228781,-1.62623,1.58102e-322;0.228097,-1.62554
0.227844,-1.56791,1.58102e-322;0.226186,-1.62466,1.58102e-322;0.235293,-1.62737,1.58102e-322;0.22743,-1.62667,1.58102e-322;0.228096,-1.62548,1.58102e-322;0.228558,-1.62517,1.58102e-322;0.223981,-1.63396,1.58102e-322;0.181718,-1.62443,1.58102e-322;0.0952268,-1.69033,1.58102e-322;0.228993,-1.62497,1.58102e-322;0.228097,-1.62554
0.227465,-1.54012,1.58102e-322;0.228725,-1.62537,1.58102e-322;0.220644,-1.62296,1.58102e-322;0.224924,-1.63153,1.58102e-322;0.228098,-1.62557,1.58102e-322;0.2277,-1.62574,1.58102e-322;0.227715,-1.62624,1.58102e-322;0.201696,-1.63179,1.58102e-322;0.296405,-1.59204,1.58102e-322;0.228907,-1.62415,1.58102e-322;0.228098,-1.62557
0.230315,-1.81825,1.58102e-322;0.230216,-1.62604,1.58102e-322;0.215656,-1.62138,1.58102e-322;0.224418,-1.63254,1.58102e-322;0.228099,-1.62564,1.58102e-322;0.228026,-1.62556,1.58102e-322;0.230732,-1.62006,1.58102e-322;0.276233,-1.63382,1.58102e-322;0.236496,-1.62145,1.58102e-322;0.228527,-1.62495,1.58102e-322;0.228098,-1.62557
0.22947,-1.71873,1.58102e-322;0.227891,-1.62513,1.58102e-322;0.232033,-1.6253,1.58102e-322;0.229995,-1.62189,1.58102e-322;0.230521,-1.63326,1.58102e-322;0.228567,-1.62518,1.58102e-322;0.226454,-1.62887,1.58102e-322;0.274839,-1.62685,1.58102e-322;0.169679,-1.65406,1.58102e-322;0.227796,-1.62619,1.58102e-322;0.22829,-1.62554
0.227043,-1.49765,1.58102e-322;0.22723,-1.62486,1.58102e-322;0.240394,-1.62735,1.58102e-322;0.230012,-1.62163,1.58102e-322;0.228208,-1.62524,1.58102e-322;0.228646,-1.6253,1.58102e-322;0.226113,-1.62979,1.58102e-322;0.229154,-1.62543,1.58102e-322;0.184438,-1.64675,1.58102e-322;0.227937,-1.62617,1.58102e-322;0.22829,-1.62554
0.228481,-1.63924,1.58102e-322;0.228819,-1.62555,1.58102e-322;0.222443,-1.62387,1.58102e-322;0.223803,-1.63415,1.58102e-322;0.226479,-1.61925,1.58102e-322;0.227752,-1.6257,1.58102e-322;0.228275,-1.62569,1.58102e-322;0.193347,-1.63617,1.58102e-322;0.295712,-1.59243,1.58102e-322;0.228822,-1.6246,1.58102e-322;0.22829,-1.62554
0.229412,-1.73495,1.58102e-322;0.229634,-1.62587,1.58102e-322;0.214013,-1.62204,1.58102e-322;0.226583,-1.62834,1.58102e-322;0.229561,-1.62994,1.58102e-322;0.227914,-1.62561,1.58102e-322;0.229594,-1.6228,1.58102e-322;0.213923,-1.64054,1.58102e-322;0.172317,-1.65276,1.58102e-322;0.228476,-1.62493,1.58102e-322;0.22829,-1.62554
0.227962,-1.59218,1.58102e-322;0.228478,-1.62519,1.58102e-322;0.230881,-1.62479,1.58102e-322;0.231576,-1.61855,1.58102e-322;0.228913,-1.62768,1.58102e-322;0.228636,-1.6252,1.58102e-322;0.227779,-1.62612,1.58102e-322;0.252329,-1.63331,1.58102e-322;0.169527,-1.65401,1.58102e-322;0.228024,-1.62583,1.58102e-322;0.22829,-1.62554
0.380522,-1.52055,-6.55557;0.250921,-1.58419,-6.55557;0.206935,-1.5984,-6.55557;0.167397,-1.54965,-6.55557;0.423265,-1.6918,-6.55557;0.335982,-1.54774,-6.55557;-0.00348037,-1.78333,-6.55557;0.0311865,-1.77786,-6.55557;0.227963,-1.63316,-6.55557;0.2792,-1.60449,-6.55557;0.227963,-1.63316
0.253549,-1.58236,-6.55557;0.22305,-1.64184,-6.55557;0.219714,-1.60794,-6.55557;0.220567,-1.63262,-6.55557;0.370493,-1.6738,-6.55557;0.330933,-1.55182,-6.55557;0.193982,-1.65628,-6.55557;0.160589,-1.66726,-6.55557;0.316653,-1.58999,-6.55557;0.270694,-1.609,-6.55557;0.227963,-1.63316
0.13804,-1.66821,-6.55557;0.203834,-1.68212,-6.55557;0.239081,-1.64488,-6.55557;0.264758,-1.69547,-6.55557;0.329038,-1.65975,-6.55557;0.232443,-1.62969,-6.55557;0.369706,-1.54193,-6.55557;0.289572,-1.56745,-6.55557;0.296657,-1.59944,-6.55557;0.235504,-1.62797,-6.55557;0.232443,-1.62969
0.27652,-1.57501,-6.55557;0.216966,-1.65821,-6.55557;0.235035,-1.63538,-6.55557;0.25755,-1.68429,-6.55557;0.228175,-1.6275,-6.55557;0.154742,-1.68664,-6.55557;0.438128,-1.49534,-6.55557;0.113606,-1.71022,-6.55557;0.135192,-1.6747,-6.55557;0.204887,-1.64201,-6.55557;0.228175,-1.6275
0.331996,-1.52487,-6.55557;0.239116,-1.60674,-6.55557;0.226252,-1.62162,-6.55557;0.235986,-1.65217,-6.55557;0.152125,-1.60318,-6.55557;0.182328,-1.66336,-6.55557;0.15795,-1.67187,-6.55557;0.211412,-1.63328,-6.55557;0.125773,-1.67802,-6.55557;0.222951,-1.63319,-6.55557;0.228175,-1.6275
0.295946,-1.55086,1.58102e-322;0.239759,-1.60047,1.58102e-322;0.22072,-1.61459,1.58102e-322;0.181434,-1.56905,1.58102e-322;0.189507,-1.61513,1.58102e-322;0.169553,-1.63476,1.58102e-322;-0.0169893,-1.78822,1.58102e-322;0.29989,-1.57018,1.58102e-322;0.239233,-1.62291,1.58102e-322;0.0599419,-1.72131,1.58102e-322;0.228175,-1.6275
0.175155,-1.66283,1.58102e-322;0.218565,-1.64909,1.58102e-322;0.226753,-1.62529,1.58102e-322;0.2108,-1.60645,1.58102e-322;0.25196,-1.63396,1.58102e-322;0.29,-1.57001,1.58102e-322;0.157378,-1.6831,1.58102e-322;0.240269,-1.61475,1.58102e-322;0.313859,-1.59022,1.58102e-322;0.178407,-1.65511,1.58102e-322;0.226753,-1.62529
0.281602,-1.55923,1.58102e-322;0.212421,-1.66015,1.58102e-322;0.231302,-1.63336,1.58102e-322;0.250814,-1.68213,1.58102e-322;0.267381,-1.63881,1.58102e-322;0.276302,-1.60134,1.58102e-322;0.396605,-1.51897,1.58102e-322;0.190303,-1.65227,1.58102e-322;0.202735,-1.63925,1.58102e-322;0.315127,-1.57596,1.58102e-322;0.226753,-1.62529
0.307612,-1.52792,1.58102e-322;0.224462,-1.63098,1.58102e-322;0.228373,-1.62816,1.58102e-322;0.25198,-1.67605,1.58102e-322;0.218953,-1.62366,1.58102e-322;0.242753,-1.63618,1.58102e-322;0.511544,-1.43937,1.58102e-322;0.187566,-1.65436,1.58102e-322;0.140126,-1.66747,1.58102e-322;0.298341,-1.58371,1.58102e-322;0.226753,-1.62529
0.199268,-1.64207,1.58102e-322;0.235844,-1.60327,1.58102e-322;0.225007,-1.62219,1.58102e-322;0.204405,-1.58862,1.58102e-322;0.205179,-1.62035,1.58102e-322;0.213835,-1.65999,1.58102e-322;0.32402,-1.55916,1.58102e-322;0.243358,-1.61274,1.58102e-322;0.290353,-1.60716,1.58102e-322;0.0107947,-1.75289,1.58102e-322;0.226753,-1.62529
0.281504,-1.53564,1.58102e-322;0.0570672,-1.82325,1.58102e-322;0.288018,-1.81194,1.58102e-322;0.123092,-1.72816,1.58102e-322;-0.0322785,-1.72071,1.58102e-322;0.25071,-1.63344,1.58102e-322;-0.012321,-1.8112,1.58102e-322;0.279863,-1.60017,1.58102e-322;0.442323,-1.80127,1.58102e-322;0.0768815,-1.68692,1.58102e-322;0.25071,-1.63344
0.192387,-1.70044,1.58102e-322;0.0769814,-1.79803,1.58102e-322;0.284404,-1.79722,1.58102e-322;0.215973,-1.69332,1.58102e-322;0.216513,-1.64818,1.58102e-322;0.264165,-1.6146,1.58102e-322;-0.202555,-1.94289,1.58102e-322;0.265436,-1.62373,1.58102e-322;0.435192,-1.77334,1.58102e-322;0.214043,-1.6328,1.58102e-322;0.214043,-1.6328
0.147087,-1.75632,1.58102e-322;0.124736,-1.73955,1.58102e-322;0.216999,-1.63497,1.58102e-322;0.286607,-1.63287,1.58102e-322;0.404583,-1.58039,1.58102e-322;0.214319,-1.64861,1.58102e-322;0.0395908,-1.77228,1.58102e-322;0.230271,-1.61813,1.58102e-322;0.388989,-1.72136,1.58102e-322;0.330727,-1.58,1.58102e-322;0.230271,-1.61813
0.210098,-1.65745,1.58102e-322;0.270332,-1.56937,1.58102e-322;0.171141,-1.50633,1.58102e-322;0.213094,-1.62135,1.58102e-322;0.50571,-1.54348,1.58102e-322;0.244064,-1.62825,1.58102e-322;0.451025,-1.45863,1.58102e-322;0.203756,-1.61391,1.58102e-322;0.175156,-1.56575,1.58102e-322;0.350234,-1.56868,1.58102e-322;0.230271,-1.61813
0.279693,-1.53986,1.58102e-322;0.371254,-1.45184,1.58102e-322;0.184062,-1.53982,1.58102e-322;0.163399,-1.61159,1.58102e-322;0.2459,-1.6099,1.58102e-322;0.274897,-1.61963,1.58102e-322;0.0366337,-1.7702,1.58102e-322;0.210082,-1.61492,1.58102e-322;0.0658963,-1.49782,1.58102e-322;0.240117,-1.61517,1.58102e-322;0.230271,-1.61813
0.2008,-1.66972,0;0.321316,-1.51058,0;0.296241,-1.81051,0;0.19861,-1.61295,0;0.0494443,-1.66028,0;0.225236,-1.63743,0;-0.0621842,-1.83845,0;0.251858,-1.62157,0;0.115014,-1.53139,0;0.0915494,-1.69016,0;0.230271,-1.61813
0.1775,-1.70777,1.58102e-322;0.166777,-1.69107,1.58102e-322;0.18946,-1.55581,1.58102e-322;0.230278,-1.61667,1.58102e-322;0.196336,-1.62563,1.58102e-322;0.188698,-1.64738,1.58102e-322;0.288939,-1.57929,1.58102e-322;0.243059,-1.62017,1.58102e-322;0.286429,-1.64763,1.58102e-322;0.275958,-1.60253,1.58102e-322;0.230271,-1.61813
0.222502,-1.63051,1.58102e-322;0.0675017,-1.8074,1.58102e-322;0.130908,-1.41482,1.58102e-322;0.246194,-1.63364,1.58102e-322;0.365059,-1.58178,1.58102e-322;0.224615,-1.63444,1.58102e-322;0.516608,-1.41246,1.58102e-322;0.19694,-1.62866,1.58102e-322;0.342338,-1.71563,1.58102e-322;0.361534,-1.56312,1.58102e-322;0.222502,-1.63051
0.256434,-1.57225,1.58102e-322;0.31469,-1.52258,1.58102e-322;0.290003,-1.81036,1.58102e-322;0.232436,-1.6209,1.58102e-322;0.384079,-1.57496,1.58102e-322;0.260829,-1.60887,1.58102e-322;0.273433,-1.59081,1.58102e-322;0.184567,-1.62913,1.58102e-322;0.247875,-1.61862,1.58102e-322;0.383706,-1.55334,1.58102e-322;0.232436,-1.6209
0.232397,-1.61924,1.58102e-322;0.385751,-1.43899,1.58102e-322;0.282739,-1.76915,1.58102e-322;0.222063,-1.61128,1.58102e-322;0.20928,-1.61872,1.58102e-322;0.247866,-1.61463,1.58102e-322;0.0711103,-1.73895,1.58102e-322;0.256498,-1.61314,1.58102e-322;0.176542,-1.54549,1.58102e-322;0.0602227,-1.70364,1.58102e-322;0.232436,-1.6209
0.0667959,-1.66278,1.58102e-322;0.261786,-1.60445,1.58102e-322;0.0715715,-1.67536,1.58102e-322;0.256725,-1.58661,1.58102e-322;0.347443,-1.6684,1.58102e-322;0.19418,-1.61859,1.58102e-322;0.423684,-1.71053,1.58102e-322;0.412323,-1.66339,1.58102e-322;0.24938,-1.56561,1.58102e-322;0.0216499,-1.76136,1.58102e-322;0.19418,-1.61859
0.160131,-1.65677,1.58102e-322;0.170574,-1.69681,1.58102e-322;0.0220794,-1.39951,1.58102e-322;0.253716,-1.58815,1.58102e-322;0.223179,-1.68453,1.58102e-322;0.143688,-1.65435,1.58102e-322;0.0771544,-1.67341,1.58102e-322;0.277707,-1.63759,1.58102e-322;0.277149,-1.65971,1.58102e-322;0.245213,-1.59808,1.58102e-322;0.245213,-1.59808
0.265304,-1.62823,1.58102e-322;0.170482,-1.6759,1.58102e-322;0.271615,-1.84593,1.58102e-322;0.250593,-1.59032,1.58102e-322;0.151114,-1.61183,1.58102e-322;0.257879,-1.59074,1.58102e-322;-0.0724472,-1.59536,1.58102e-322;0.371578,-1.6475,1.58102e-322;0.284557,-1.70455,1.58102e-322;0.413779,-1.47497,1.58102e-322;0.245213,-1.59808
0.229628,-1.62587,1.58102e-322;0.249428,-1.5802,1.58102e-322;0.114687,-1.65036,1.58102e-322;0.244146,-1.59785,1.58102e-322;0.261316,-1.64443,1.58102e-322;0.199253,-1.60696,1.58102e-322;0.0576291,-1.58106,1.58102e-322;0.302313,-1.60042,1.58102e-322;0.267621,-1.64278,1.58102e-322;0.155049,-1.6633,1.58102e-322;0.244146,-1.59785
0.116717,-1.65487,1.58102e-322;0.327369,-1.54544,1.58102e-322;0.0891117,-1.46529,1.58102e-322;0.239285,-1.60354,1.58102e-322;0.339975,-1.66079,1.58102e-322;0.184874,-1.62787,1.58102e-322;0.281627,-1.77231,1.58102e-322;0.361213,-1.65264,1.58102e-322;0.22711,-1.55904,1.58102e-322;0.204942,-1.62903,1.58102e-322;0.204942,-1.62903
0.172939,-1.6545,1.58102e-322;0.264081,-1.69832,1.58102e-322;0.134525,-1.7014,1.58102e-322;0.22928,-1.61253,1.58102e-322;0.293097,-1.6411,1.58102e-322;0.237528,-1.61225,1.58102e-322;0.358449,-1.83953,1.58102e-322;0.330378,-1.66914,1.58102e-322;0.24786,-1.63028,1.58102e-322;0.252079,-1.59673,1.58102e-322;0.22928,-1.61253
0.221728,-1.64946,1.58102e-322;0.216694,-1.61846,1.58102e-322;0.157045,-1.7869,1.58102e-322;0.22158,-1.61938,1.58102e-322;0.182488,-1.62449,1.58102e-322;0.266481,-1.60528,1.58102e-322;0.175962,-1.69197,1.58102e-322;0.2017,-1.63336,1.58102e-322;0.259962,-1.69492,1.58102e-322;0.169767,-1.65521,1.58102e-322;0.22158,-1.61938
0.258339,-1.60989,1.58102e-322;0.186408,-1.55927,1.58102e-322;0.173084,-1.63303,1.58102e-322;0.215774,-1.62455,1.58102e-322;0.218168,-1.64197,1.58102e-322;0.263667,-1.60677,1.58102e-322;0.0492786,-1.56334,1.58102e-322;0.112358,-1.60098,1.58102e-322;0.26408,-1.70644,1.58102e-322;0.161231,-1.65983,1.58102e-322;0.22158,-1.61938
0.246069,-1.61311,1.58102e-322;0.256518,-1.68841,1.58102e-322;0.239485,-1.50172,1.58102e-322;0.219134,-1.62156,1.58102e-322;0.245347,-1.65332,1.58102e-322;0.171596,-1.63094,1.58102e-322;0.234145,-1.72892,1.58102e-322;0.320721,-1.65552,1.58102e-322;0.244302,-1.60264,1.58102e-322;0.273238,-1.58179,1.58102e-322;0.22158,-1.61938
0.231578,-1.61688,1.58102e-322;0.263314,-1.6799,1.58102e-322;0.242737,-1.55253,1.58102e-322;0.239415,-1.61099,1.58102e-322;0.222993,-1.62403,1.58102e-322;0.253638,-1.60804,1.58102e-322;0.275246,-1.76057,1.58102e-322;0.212042,-1.63874,1.58102e-322;0.268028,-1.62029,1.58102e-322;0.305416,-1.5616,1.58102e-322;0.231578,-1.61688
0.199015,-1.7409,1.58102e-322;0.257992,-1.5494,1.58102e-322;0.126582,-1.81745,1.58102e-322;0.283014,-1.69894,1.58102e-322;0.334003,-1.71741,1.58102e-322;0.304184,-1.65398,1.58102e-322;0.164941,-1.6147,1.58102e-322;0.240292,-1.63771,1.58102e-322;0.213747,-1.62738,1.58102e-322;0.125585,-1.72223,1.58102e-322;0.213747,-1.62738
0.195938,-1.70327,1.58102e-322;0.209444,-1.51461,1.58102e-322;0.110146,-1.77677,1.58102e-322;0.216569,-1.65007,1.58102e-322;0.278326,-1.68171,1.58102e-322;0.295067,-1.63763,1.58102e-322;0.158176,-1.51158,1.58102e-322;0.157925,-1.60638,1.58102e-322;0.203742,-1.64594,1.58102e-322;0.0531896,-1.74347,1.58102e-322;0.213747,-1.62738
0.204869,-1.62694,1.58102e-322;0.241344,-1.66006,1.58102e-322;0.158238,-1.65888,1.58102e-322;0.163702,-1.59097,1.58102e-322;0.221211,-1.64205,1.58102e-322;0.205063,-1.63511,1.58102e-322;0.232032,-1.76981,1.58102e-322;0.130086,-1.59576,1.58102e-322;0.201889,-1.64938,1.58102e-322;0.172354,-1.64481,1.58102e-322;0.213747,-1.62738
0.216924,-1.56966,1.58102e-322;0.257307,-1.76014,1.58102e-322;0.231237,-1.54914,1.58102e-322;0.153553,-1.57199,1.58102e-322;0.172921,-1.60188,1.58102e-322;0.147242,-1.62427,1.58102e-322;0.271188,-1.8851,1.58102e-322;0.369944,-1.68679,1.58102e-322;0.209655,-1.63497,1.58102e-322;0.29029,-1.55859,1.58102e-322;0.213747,-1.62738
0.203977,-1.66789,1.58102e-322;0.200288,-1.51521,1.58102e-322;0.153577,-1.69178,1.58102e-322;0.200403,-1.6145,1.58102e-322;0.254458,-1.66382,1.58102e-322;0.182772,-1.62011,1.58102e-322;0.211898,-1.73929,1.58102e-322;0.291178,-1.6571,1.58102e-322;0.220861,-1.61417,1.58102e-322;0.182254,-1.63814,1.58102e-322;0.213747,-1.62738
0.195134,-1.72927,1.58102e-322;0.220899,-1.56527,1.58102e-322;0.144967,-1.70196,1.58102e-322;0.265804,-1.69939,1.58102e-322;0.234036,-1.64969,1.58102e-322;0.239955,-1.62626,1.58102e-322;0.245625,-1.54222,1.58102e-322;0.161053,-1.60765,1.58102e-322;0.227184,-1.60244,1.58102e-322;0.301608,-1.65664,1.58102e-322;0.213747,-1.62738
0.211885,-1.58569,1.58102e-322;0.259984,-1.76591,1.58102e-322;0.153944,-1.67328,1.58102e-322;0.219743,-1.6669,1.58102e-322;0.194295,-1.6136,1.58102e-322;0.244813,-1.63716,1.58102e-322;0.135741,-1.23416,1.58102e-322;0.252233,-1.64202,1.58102e-322;0.220377,-1.61507,1.58102e-322;0.170682,-1.66571,1.58102e-322;0.213747,-1.62738
0.216183,-1.56388,1.58102e-322;0.267378,-1.8078,1.58102e-322;0.201958,-1.6023,1.58102e-322;0.181325,-1.62232,1.58102e-322;0.212246,-1.63695,1.58102e-322;0.243451,-1.6438,1.58102e-322;0.314776,-1.90771,1.58102e-322;0.285886,-1.65485,1.58102e-322;0.195649,-1.66096,1.58102e-322;0.087129,-1.65905,1.58102e-322;0.213747,-1.62738
0.208,-1.62167,1.58102e-322;0.257461,-1.7843,1.58102e-322;0.248088,-1.5699,1.58102e-322;0.190288,-1.59831,1.58102e-322;0.227328,-1.64469,1.58102e-322;0.24053,-1.64194,1.58102e-322;0.364135,-2.15641,1.58102e-322;0.271234,-1.64936,1.58102e-322;0.208735,-1.63668,1.58102e-322;0.149313,-1.64277,1.58102e-322;0.213747,-1.62738
0.20851,-1.67188,1.58102e-322;0.202216,-1.48005,1.58102e-322;0.230071,-1.61213,1.58102e-322;0.215857,-1.61394,1.58102e-322;0.206764,-1.62547,1.58102e-322;0.236142,-1.62934,1.58102e-322;0.235133,-1.71274,1.58102e-322;0.177726,-1.61389,1.58102e-322;0.228726,-1.59958,1.58102e-322;0.300704,-1.64405,1.58102e-322;0.213747,-1.62738
0.213976,-1.56568,1.58102e-322;0.176055,-1.37309,1.58102e-322;0.203009,-1.65656,1.58102e-322;0.233847,-1.63393,1.58102e-322;0.232249,-1.64147,1.58102e-322;0.239795,-1.62613,1.58102e-322;0.142225,-1.22687,1.58102e-322;0.21423,-1.62699,1.58102e-322;0.241553,-1.62702,1.58102e-322;0.244874,-1.6642,1.58102e-322;0.233847,-1.63393
0.208782,-1.57595,1.58102e-322;0.27136,-1.80622,1.58102e-322;0.19067,-1.68354,1.58102e-322;0.24741,-1.64901,1.58102e-322;0.229549,-1.64547,1.58102e-322;0.242496,-1.6409,1.58102e-322;0.0995818,-0.971989,1.58102e-322;0.248082,-1.63912,1.58102e-322;0.204656,-1.65594,1.58102e-322;0.193512,-1.65395,1.58102e-322;0.233847,-1.63393
0.219952,-1.66102,1.58102e-322;0.287067,-1.86131,1.58102e-322;0.204829,-1.66751,1.58102e-322;0.225708,-1.62489,1.58102e-322;0.193775,-1.61841,1.58102e-322;0.236972,-1.63768,1.58102e-322;0.247928,-1.61272,1.58102e-322;0.2167,-1.62261,1.58102e-322;0.187017,-1.65805,1.58102e-322;0.155887,-1.64524,1.58102e-322;0.225708,-1.62489
0.222067,-1.64022,1.58102e-322;0.178752,-1.40466,1.58102e-322;0.231961,-1.62012,1.58102e-322;0.209344,-1.6067,1.58102e-322;0.226176,-1.6287,1.58102e-322;0.232101,-1.63445,1.58102e-322;0.359496,-2.09599,1.58102e-322;0.198294,-1.61618,1.58102e-322;0.198245,-1.63301,1.58102e-322;0.184626,-1.63116,1.58102e-322;0.225708,-1.62489
0.222534,-1.61564,1.58102e-322;0.238301,-1.6602,1.58102e-322;0.248792,-1.58715,1.58102e-322;0.214626,-1.61257,1.58102e-322;0.250054,-1.63197,1.58102e-322;0.222227,-1.62274,1.58102e-322;0.29735,-1.87947,1.58102e-322;0.236778,-1.64014,1.58102e-322;0.229388,-1.6059,1.58102e-322;0.244746,-1.64957,1.58102e-322;0.225708,-1.62489
0.219069,-1.55224,-6.55281;0.293727,-1.52726,-6.55281;0.0067458,-1.78723,-6.55281;0.263762,-1.68556,-6.55281;0.32161,-1.65733,-6.55281;0.367304,-1.70573,-6.55281;0.0199553,-1.75651,-6.55281;0.0545619,-1.71416,-6.55281;0.191828,-1.60797,-6.55281;-0.0242202,-1.68444,-6.55281;0.191828,-1.60797
0.203954,-1.57418,1.58102e-322;0.297098,-1.65578,1.58102e-322;0.103478,-1.6947,1.58102e-322;0.202112,-1.61953,1.58102e-322;0.325243,-1.65662,1.58102e-322;0.36259,-1.70691,1.58102e-322;-0.0712659,-1.0734,1.58102e-322;0.177011,-1.64892,1.58102e-322;0.190839,-1.63584,1.58102e-322;0.0206955,-1.67641,1.58102e-322;0.202112,-1.61953
0.191098,-1.62663,1.58102e-322;0.290657,-1.74926,1.58102e-322;0.2552,-1.56488,1.58102e-322;0.155627,-1.56974,1.58102e-322;0.316379,-1.65281,1.58102e-322;0.26854,-1.65853,1.58102e-322;-0.0784777,-0.716715,1.58102e-322;0.278991,-1.58842,1.58102e-322;0.199446,-1.64332,1.58102e-322;0.263515,-1.60484,1.58102e-322;0.202112,-1.61953
0.189997,-1.66063,1.58102e-322;0.284188,-1.62857,1.58102e-322;0.321396,-1.51662,1.58102e-322;0.237231,-1.65714,1.58102e-322;0.25129,-1.63293,1.58102e-322;0.138806,-1.58751,1.58102e-322;0.169717,-2.38417,1.58102e-322;0.150731,-1.6608,1.58102e-322;0.205487,-1.62477,1.58102e-322;0.21456,-1.61998,1.58102e-322;0.205487,-1.62477
0.208985,-1.58437,1.58102e-322;0.276673,-1.55635,1.58102e-322;0.149876,-1.66126,1.58102e-322;0.245189,-1.66713,1.58102e-322;0.231112,-1.6271,1.58102e-322;0.198644,-1.61759,1.58102e-322;0.354538,-3.23162,1.58102e-322;0.158551,-1.67037,1.58102e-322;0.224734,-1.61211,1.58102e-322;-0.204574,-1.75134,1.58102e-322;0.231112,-1.6271
0.224539,-1.54081,1.58102e-322;0.284245,-1.57794,1.58102e-322;0.198637,-1.64471,1.58102e-322;0.234127,-1.63455,1.58102e-322;0.215897,-1.6227,1.58102e-322;0.257833,-1.64439,1.58102e-322;-0.0332623,-0.929187,1.58102e-322;0.265023,-1.59571,1.58102e-322;0.246765,-1.62024,1.58102e-322;-0.125778,-1.72413,1.58102e-322;0.231112,-1.6271
0.205632,-1.68897,1.58102e-322;0.226274,-1.65313,1.58102e-322;0.246154,-1.6264,1.58102e-322;0.224814,-1.60758,1.58102e-322;0.241976,-1.63024,1.58102e-322;0.239758,-1.63409,1.58102e-322;-0.0740493,0.00825189,1.58102e-322;0.289109,-1.57466,1.58102e-322;0.209684,-1.61292,1.58102e-322;0.287212,-1.6041,1.58102e-322;0.231112,-1.6271
0.17858,-1.63305,1.58102e-322;0.186673,-1.68771,1.58102e-322;0.165725,-1.65241,1.58102e-322;0.23662,-1.64206,1.58102e-322;0.235828,-1.62846,1.58102e-322;0.225366,-1.62572,1.58102e-322;0.425056,-4.66475,1.58102e-322;0.0801748,-1.72499,1.58102e-322;0.216721,-1.60963,1.58102e-322;0.435078,-1.5606,1.58102e-322;0.231112,-1.6271
0.225689,-1.57434,1.58102e-322;0.220807,-1.65059,1.58102e-322;0.188367,-1.64809,1.58102e-322;0.241414,-1.65593,1.58102e-322;0.221108,-1.62421,1.58102e-322;0.226898,-1.62629,1.58102e-322;0.675724,-6.341,1.58102e-322;0.192382,-1.64575,1.58102e-322;0.23986,-1.61698,1.58102e-322;-0.286693,-1.76778,1.58102e-322;0.231112,-1.6271
0.219943,-1.64566,1.58102e-322;0.258417,-1.59554,1.58102e-322;0.266251,-1.61664,1.58102e-322;0.225175,-1.60974,1.58102e-322;0.240122,-1.6297,1.58102e-322;0.245748,-1.63595,1.58102e-322;0.562759,-4.45569,1.58102e-322;0.293925,-1.57785,1.58102e-322;0.248249,-1.633,1.58102e-322;-0.0372397,-1.69662,1.58102e-322;0.231112,-1.6271
0.22551,-1.68299,1.58102e-322;0.275525,-1.56904,1.58102e-322;0.190833,-1.64614,1.58102e-322;0.220882,-1.59722,1.58102e-322;0.247165,-1.63173,1.58102e-322;0.236996,-1.63206,1.58102e-322;-0.59066,2.30252,1.58102e-322;0.327612,-1.55887,1.58102e-322;0.229259,-1.61537,1.58102e-322;0.349618,-1.5911,1.58102e-322;0.231112,-1.6271
0.234051,-1.6398,1.58102e-322;0.177166,-1.71371,1.58102e-322;0.163451,-1.65924,1.58102e-322;0.227517,-1.61561,1.58102e-322;0.222562,-1.62463,1.58102e-322;0.227937,-1.62698,1.58102e-322;-0.472338,1.26875,1.58102e-322;0.172728,-1.66424,1.58102e-322;0.214601,-1.60507,1.58102e-322;0.277919,-1.60874,1.58102e-322;0.227937,-1.62698
0.223897,-1.61411,1.58102e-322;0.223531,-1.63822,1.58102e-322;0.240728,-1.62572,1.58102e-322;0.232835,-1.63801,1.58102e-322;0.218627,-1.62395,1.58102e-322;0.221107,-1.62314,1.58102e-322;0.843753,-5.64258,1.58102e-322;0.141442,-1.6782,1.58102e-322;0.236263,-1.63122,1.58102e-322;-0.141886,-1.72085,1.58102e-322;0.227937,-1.62698
0.220633,-1.60873,1.58102e-322;0.259776,-1.57803,1.58102e-322;0.277526,-1.60827,1.58102e-322;0.225384,-1.6149,1.58102e-322;0.226598,-1.62669,1.58102e-322;0.235463,-1.6312,1.58102e-322;0.271047,-2.34958,1.58102e-322;0.264635,-1.59923,1.58102e-322;0.230359,-1.61446,1.58102e-322;-0.0738413,-1.70383,1.58102e-322;0.227937,-1.62698
0.224928,-1.61786,1.58102e-322;0.24263,-1.60554,1.58102e-322;0.123466,-1.6752,1.58102e-322;0.223747,-1.60962,1.58102e-322;0.232626,-1.62877,1.58102e-322;0.242923,-1.63539,1.58102e-322;-0.568591,1.15016,1.58102e-322;0.260304,-1.60368,1.58102e-322;0.222569,-1.61707,1.58102e-322;0.103232,-1.65658,1.58102e-322;0.227937,-1.62698
0.229241,-1.628,1.58102e-322;0.199827,-1.67517,1.58102e-322;0.0311045,-1.71497,1.58102e-322;0.225603,-1.61758,1.58102e-322;0.221765,-1.62487,1.58102e-322;0.209052,-1.61638,1.58102e-322;-0.168772,-0.181602,1.58102e-322;0.204127,-1.6406,1.58102e-322;0.225455,-1.61869,1.58102e-322;0.313616,-1.60271,1.58102e-322;0.227937,-1.62698
0.231602,-1.63495,1.58102e-322;0.210783,-1.65724,1.58102e-322;0.140497,-1.66813,1.58102e-322;0.227561,-1.62583,1.58102e-322;0.222684,-1.62513,1.58102e-322;0.224655,-1.62514,1.58102e-322;0.700302,-3.914,1.58102e-322;0.164847,-1.66667,1.58102e-322;0.229878,-1.62741,1.58102e-322;0.29078,-1.60929,1.58102e-322;0.227937,-1.62698
0.231036,-1.63386,1.58102e-322;0.244997,-1.60473,1.58102e-322;0.33281,-1.58806,1.58102e-322;0.225312,-1.61599,1.58102e-322;0.233102,-1.62914,1.58102e-322;0.244316,-1.63617,1.58102e-322;0.117852,-2.38339,1.58102e-322;0.167425,-1.66586,1.58102e-322;0.230961,-1.63349,1.58102e-322;0.214395,-1.62978,1.58102e-322;0.227937,-1.62698
0.227048,-1.62391,1.58102e-322;0.248305,-1.59593,1.58102e-322;0.149362,-1.66317,1.58102e-322;0.223842,-1.60957,1.58102e-322;0.2376,-1.63089,1.58102e-322;0.243874,-1.63593,1.58102e-322;-0.278049,-0.391433,1.58102e-322;0.227976,-1.62703,1.58102e-322;0.228795,-1.62398,1.58102e-322;0.163126,-1.64392,1.58102e-322;0.227937,-1.62698
0.224233,-1.61707,1.58102e-322;0.222675,-1.63716,1.58102e-322;0.102501,-1.68484,1.58102e-322;0.228728,-1.63123,1.58102e-322;0.225775,-1.62632,1.58102e-322;0.226779,-1.62633,1.58102e-322;-0.187664,-0.382142,1.58102e-322;0.273609,-1.59772,1.58102e-322;0.22669,-1.61846,1.58102e-322;0.255697,-1.61931,1.58102e-322;0.227937,-1.62698
0.228336,-1.62806,1.58102e-322;0.204312,-1.66638,1.58102e-322;0.202028,-1.64487,1.58102e-322;0.226848,-1.62266,1.58102e-322;0.224364,-1.71915,1.58102e-322;0.21582,-1.62018,1.58102e-322;0.357775,-3.31969,1.58102e-322;0.228317,-1.62675,1.58102e-322;0.230268,-1.62993,1.58102e-322;0.235387,-1.62418,1.58102e-322;0.228317,-1.62675
0.230642,-1.63238,1.58102e-322;0.232849,-1.61951,1.58102e-322;0.296655,-1.60124,1.58102e-322;0.22627,-1.61855,1.58102e-322;0.219527,-1.70703,1.58102e-322;0.227883,-1.62686,1.58102e-322;0.0307016,-1.38741,1.58102e-322;0.194167,-1.64864,1.58102e-322;0.231964,-1.63506,1.58102e-322;0.20631,-1.6316,1.58102e-322;0.228317,-1.62675
0.229727,-1.62932,1.58102e-322;0.241156,-1.60698,1.58102e-322;0.185374,-1.65093,1.58102e-322;0.227573,-1.62455,1.58102e-322;0.225285,-1.60148,1.58102e-322;0.236859,-1.631,1.58102e-322;-0.0647745,-0.780013,1.58102e-322;0.200912,-1.64173,1.58102e-322;0.224926,-1.61338,1.58102e-322;0.197492,-1.63403,1.58102e-322;0.227573,-1.62455
0.227484,-1.62368,1.58102e-322;0.22663,-1.62837,1.58102e-322;0.144843,-1.66421,1.58102e-322;0.228555,-1.62908,1.58102e-322;0.218336,-1.75761,1.58102e-322;0.233331,-1.62722,1.58102e-322;0.235384,-2.83752,1.58102e-322;0.230936,-1.62248,1.58102e-322;0.227445,-1.62301,1.58102e-322;0.254071,-1.61795,1.58102e-322;0.227573,-1.62455
0.224941,-1.62018,1.58102e-322;0.214912,-1.64425,1.58102e-322;0.182475,-1.64166,1.58102e-322;0.228385,-1.62829,1.58102e-322;0.222543,-1.67357,1.58102e-322;0.224132,-1.62265,1.58102e-322;0.229514,-2.18443,1.58102e-322;0.25151,-1.60962,1.58102e-322;0.231654,-1.63352,1.58102e-322;0.244561,-1.62068,1.58102e-322;0.227573,-1.62455
0.3108,-1.55574,1.58102e-322;0.211066,-1.59608,1.58102e-322;0.0947556,-1.70331,1.58102e-322;0.129241,-1.66303,1.58102e-322;0.101286,-1.76421,1.58102e-322;0.290558,-1.58069,1.58102e-322;0.144294,-1.68874,1.58102e-322;0.281513,-1.72261,1.58102e-322;0.233208,-1.61427,1.58102e-322;0.14642,-1.805,1.58102e-322;0.233208,-1.61427
0.247789,-1.61333,1.58102e-322;0.222344,-1.5996,1.58102e-322;0.235864,-1.62325,1.58102e-322;0.241844,-1.60176,1.58102e-322;0.260243,-1.52897,1.58102e-322;0.244489,-1.60886,1.58102e-322;0.0667807,-0.800539,1.58102e-322;0.270571,-1.68118,1.58102e-322;0.229645,-1.6044,1.58102e-322;0.11967,-1.80413,1.58102e-322;0.233208,-1.61427
0.188632,-1.65751,1.58102e-322;0.218623,-1.60598,1.58102e-322;0.166159,-1.65662,1.58102e-322;0.139578,-1.66068,1.58102e-322;0.359484,-1.41664,1.58102e-322;0.200607,-1.63449,1.58102e-322;0.159409,-1.15891,1.58102e-322;0.251177,-1.62998,1.58102e-322;0.237096,-1.62505,1.58102e-322;0.217739,-1.65134,1.58102e-322;0.233208,-1.61427
0.294284,-1.56766,1.58102e-322;0.222982,-1.61486,1.58102e-322;0.118944,-1.6784,1.58102e-322;0.0675312,-1.70259,1.58102e-322;0.118269,-1.73525,1.58102e-322;0.205813,-1.63127,1.58102e-322;0.278375,-1.99798,1.58102e-322;0.235413,-1.60767,1.58102e-322;0.233674,-1.61557,1.58102e-322;0.305455,-1.50522,1.58102e-322;0.233674,-1.61557
0.270224,-1.59525,1.58102e-322;0.238687,-1.62238,1.58102e-322;0.121114,-1.67709,1.58102e-322;0.176259,-1.64024,1.58102e-322;0.148233,-1.69784,1.58102e-322;0.238172,-1.61282,1.58102e-322;0.1958,-2.12412,1.58102e-322;0.223123,-1.59267,1.58102e-322;0.231094,-1.60842,1.58102e-322;0.163804,-1.73297,1.58102e-322;0.233674,-1.61557
0.195747,-1.73878,1.58102e-322;0.218195,-1.60753,1.58102e-322;0.231742,-1.62521,1.58102e-322;0.220474,-1.77274,1.58102e-322;0.265723,-1.57825,1.58102e-322;0.202032,-1.60416,1.58102e-322;0.109914,-1.80457,1.58102e-322;0.223074,-1.59705,1.58102e-322;0.234386,-1.61754,1.58102e-322;0.100429,-1.83641,1.58102e-322;0.234386,-1.61754
0.170983,-1.71579,1.58102e-322;0.20903,-1.60152,1.58102e-322;0.287654,-1.59189,1.58102e-322;0.280953,-1.67218,1.58102e-322;0.31905,-1.53229,1.58102e-322;0.249059,-1.60949,1.58102e-322;0.120777,-1.39152,1.58102e-322;0.244488,-1.62055,1.58102e-322;0.236869,-1.62442,1.58102e-322;0.220579,-1.64628,1.58102e-322;0.234386,-1.61754
0.211388,-1.60691,1.58102e-322;0.216864,-1.60949,1.58102e-322;0.1893,-1.63848,1.58102e-322;0.283248,-1.54554,1.58102e-322;0.295946,-1.55223,1.58102e-322;0.183559,-1.60712,1.58102e-322;0.231721,-1.81223,1.58102e-322;0.246161,-1.62599,1.58102e-322;0.236149,-1.62242,1.58102e-322;0.314907,-1.49514,1.58102e-322;0.234386,-1.61754
0.252218,-1.52961,1.58102e-322;0.246806,-1.62877,1.58102e-322;0.136156,-1.66386,1.58102e-322;0.269109,-1.67857,1.58102e-322;0.230063,-1.61515,1.58102e-322;0.155778,-1.60723,1.58102e-322;0.206218,-1.82992,1.58102e-322;0.237848,-1.62272,1.58102e-322;0.23337,-1.61472,1.58102e-322;0.159411,-1.73739,1.58102e-322;0.234386,-1.61754
0.259456,-1.53709,1.58102e-322;0.225122,-1.61597,1.58102e-322;0.252113,-1.6088,1.58102e-322;0.232345,-1.73299,1.58102e-322;0.184999,-1.66514,1.58102e-322;0.269153,-1.60942,1.58102e-322;0.125194,-1.45547,1.58102e-322;0.228044,-1.60663,1.58102e-322;0.234291,-1.61728,1.58102e-322;0.217964,-1.65297,1.58102e-322;0.234386,-1.61754
0.220802,-1.56104,-7.62579;0.214949,-1.74256,-7.62579;0.397603,-1.65892,-7.62579;0.3294,-1.75564,-7.62579;0.28016,-1.74822,-7.62579;0.205596,-1.5308,-7.62579;0.276411,-1.52159,-7.62579;0.219111,-1.63673,-7.62579;0.350066,-1.56842,-7.62579;-0.0127339,-1.74804,-7.62579;0.219111,-1.63673
0.215847,-1.6365,-7.62579;0.206966,-1.65668,-7.62579;0.361132,-1.62812,-7.62579;0.266937,-1.70692,-7.62579;0.323027,-1.67187,-7.62579;0.195232,-1.60459,-7.62579;0.216713,-1.57422,-7.62579;0.217668,-1.63313,-7.62579;0.288207,-1.60047,-7.62579;0.163074,-1.60097,-7.62579;0.217668,-1.63313
0.212687,-1.69233,-7.62579;0.204953,-1.58312,-7.62579;0.277719,-1.65805,-7.62579;0.17263,-1.59948,-7.62579;0.303502,-1.59524,-7.62579;0.199241,-1.67527,-7.62579;0.1721,-1.6385,-7.62579;0.21658,-1.63041,-7.62579;0.201736,-1.64139,-7.62579;0.252336,-1.60084,-7.62579;0.217668,-1.63313
0.219406,-1.59789,-7.62579;0.21965,-1.71959,-7.62579;0.188326,-1.66962,-7.62579;0.324642,-1.75207,-7.62579;0.215124,-1.59776,-7.62579;0.218493,-1.67373,-7.62579;0.161851,-1.66785,-7.62579;0.217155,-1.63185,-7.62579;0.149405,-1.66557,-7.62579;-0.253251,-1.93071,-7.62579;0.217668,-1.63313
0.218024,-1.60393,-7.62579;0.209394,-1.66919,-7.62579;0.127479,-1.67019,-7.62579;0.249927,-1.68675,-7.62579;0.149373,-1.61197,-7.62579;0.214272,-1.59509,-7.62579;0.259296,-1.51413,-7.62579;0.218765,-1.63586,-7.62579;0.273963,-1.60733,-7.62579;-0.244099,-1.9012,-7.62579;0.217668,-1.63313
0.341359,-1.78568,1.58102e-322;0.262056,-1.56117,1.58102e-322;-0.0235729,-1.66087,1.58102e-322;-0.0367664,-1.76389,1.58102e-322;0.224029,-1.76758,1.58102e-322;0.240706,-1.70484,1.58102e-322;0.420901,-1.65541,1.58102e-322;0.224786,-1.77438,1.58102e-322;0.319102,-1.53826,1.58102e-322;0.180379,-1.55013,1.58102e-322;0.262056,-1.56117
0.334914,-1.79697,1.58102e-322;0.254757,-1.5204,1.58102e-322;0.238003,-1.56683,1.58102e-322;0.0477108,-1.59667,1.58102e-322;0.248005,-1.54482,1.58102e-322;0.239588,-1.67419,1.58102e-322;0.294246,-1.6697,1.58102e-322;0.239384,-1.67693,1.58102e-322;0.273963,-1.56765,1.58102e-322;0.574854,-1.38912,1.58102e-322;0.239588,-1.67419
0.238965,-1.68213,1.58102e-322;0.249389,-1.57841,1.58102e-322;0.445667,-1.50654,1.58102e-322;0.0985795,-1.59462,1.58102e-322;0.267089,-1.40128,1.58102e-322;0.244487,-1.59497,1.58102e-322;0.166294,-1.61442,1.58102e-322;0.254901,-1.55904,1.58102e-322;0.236915,-1.59113,1.58102e-322;-0.318923,-1.81603,1.58102e-322;0.249389,-1.57841
0.171278,-1.54918,1.58102e-322;0.245342,-1.62215,1.58102e-322;0.30256,-1.55049,1.58102e-322;0.129952,-1.64272,1.58102e-322;0.231574,-1.70952,1.58102e-322;0.24279,-1.62631,1.58102e-322;0.335496,-1.63703,1.58102e-322;0.244917,-1.61107,1.58102e-322;0.246973,-1.57948,1.58102e-322;-0.252724,-1.80752,1.58102e-322;0.246973,-1.57948
0.254632,-1.61282,1.58102e-322;0.245974,-1.59589,1.58102e-322;0.111368,-1.60951,1.58102e-322;-0.130994,-1.8868,1.58102e-322;0.244888,-1.56293,1.58102e-322;0.245612,-1.60412,1.58102e-322;0.370465,-1.6648,1.58102e-322;0.238943,-1.62619,1.58102e-322;0.254557,-1.5707,1.58102e-322;0.537276,-1.38602,1.58102e-322;0.246973,-1.57948
0.29381,-1.69106,1.58102e-322;0.253849,-1.53203,1.58102e-322;0.0176941,-1.63799,1.58102e-322;-0.289268,-2.03298,1.58102e-322;0.25533,-1.45561,1.58102e-322;0.238166,-1.69107,1.58102e-322;0.181034,-1.65709,1.58102e-322;0.214473,-1.75151,1.58102e-322;0.19138,-1.64492,1.58102e-322;0.743156,-1.26764,1.58102e-322;0.19138,-1.64492
0.260875,-1.72545,1.58102e-322;0.214398,-1.56868,1.58102e-322;0.579633,-1.52637,1.58102e-322;0.00617628,-1.71792,1.58102e-322;0.185557,-1.69987,1.58102e-322;0.206611,-1.69861,1.58102e-322;0.0486619,-1.63898,1.58102e-322;0.22201,-1.76421,1.58102e-322;0.143745,-1.70089,1.58102e-322;0.65549,-1.32333,1.58102e-322;0.19138,-1.64492
0.198574,-1.69462,1.58102e-322;0.243206,-1.653,1.58102e-322;0.453836,-1.51498,1.58102e-322;0.411441,-1.43039,1.58102e-322;0.249472,-1.70509,1.58102e-322;0.285296,-1.61094,1.58102e-322;-0.0259768,-1.6282,1.58102e-322;0.248457,-1.66654,1.58102e-322;0.248351,-1.60638,1.58102e-322;-0.343897,-1.85209,1.58102e-322;0.243206,-1.653
0.219804,-1.64117,1.58102e-322;0.264927,-1.71658,1.58102e-322;0.0925371,-1.65619,1.58102e-322;0.563073,-1.33571,1.58102e-322;0.285351,-1.41984,1.58102e-322;0.277741,-1.6187,1.58102e-322;0.513838,-1.69256,1.58102e-322;0.263903,-1.58131,1.58102e-322;0.310569,-1.57763,1.58102e-322;-0.757846,-2.1124,1.58102e-322;0.243206,-1.653
0.24385,-1.61491,1.58102e-322;0.239739,-1.64285,1.58102e-322;0.0882113,-1.65065,1.58102e-322;-0.135627,-1.88053,1.58102e-322;0.22862,-1.5826,1.58102e-322;0.23713,-1.67291,1.58102e-322;0.133931,-1.64558,1.58102e-322;0.259444,-1.60073,1.58102e-322;0.110912,-1.69873,1.58102e-322;0.101944,-1.61375,1.58102e-322;0.243206,-1.653
0.260885,-1.6173,-6.62682;0.225425,-1.60096,-6.62682;0.313021,-1.5558,-6.62682;0.104033,-1.72884,-6.62682;0.195113,-1.75007,-6.62682;0.207805,-1.70954,-6.62682;-0.00223427,-1.63652,-6.62682;0.241409,-1.68801,-6.62682;-0.0194551,-1.78295,-6.62682;0.956791,-1.2417,-6.62682;0.243206,-1.653
0.252155,-1.67563,-6.62682;0.226243,-1.60335,-6.62682;0.293472,-1.60827,-6.62682;-0.0460923,-1.89616,-6.62682;0.251775,-1.60011,-6.62682;0.250169,-1.64852,-6.62682;0.0955329,-1.65017,-6.62682;0.246287,-1.68357,-6.62682;0.175144,-1.67239,-6.62682;-0.61592,-1.95024,-6.62682;0.250169,-1.64852
0.243726,-1.69441,-6.62682;0.25618,-1.6635,-6.62682;0.17623,-1.57744,-6.62682;0.283835,-1.5662,-6.62682;0.277031,-1.5074,-6.62682;0.282111,-1.60251,-6.62682;0.341185,-1.67436,-6.62682;0.256498,-1.62619,-6.62682;0.413524,-1.53021,-6.62682;-0.568713,-1.98084,-6.62682;0.250169,-1.64852
0.257321,-1.63722,-6.62682;0.268154,-1.69697,-6.62682;0.222937,-1.54624,-6.62682;0.532018,-1.31883,-6.62682;0.217375,-1.63865,-6.62682;0.244217,-1.65709,-6.62682;0.439633,-1.67443,-6.62682;0.244437,-1.67608,-6.62682;0.201596,-1.63378,-6.62682;-0.253477,-1.85261,-6.62682;0.201596,-1.63378
0.205233,-1.59807,-6.62682;0.248454,-1.69148,-6.62682;0.270224,-1.59788,-6.62682;0.0420087,-1.79946,-6.62682;0.175653,-1.69766,-6.62682;0.187872,-1.67789,-6.62682;-0.0155715,-1.62063,-6.62682;0.234798,-1.71311,-6.62682;0.0418013,-1.71187,-6.62682;0.35062,-1.55193,-6.62682;0.201596,-1.63378
0.281394,-1.77298,-6.55199;0.124013,-1.68261,-6.55199;0.106639,-1.79429,-6.55199;0.348073,-1.68708,-6.55199;0.186383,-1.78087,-6.55199;0.175752,-1.52175,-6.55199;0.204007,-1.61179,-6.55199;0.229467,-1.6271,-6.55199;0.289275,-1.80006,-6.55199;0.199436,-1.61942,-6.55199;0.229467,-1.6271
0.222944,-1.67812,-6.55199;0.164104,-1.60942,-6.55199;0.117354,-1.76798,-6.55199;0.364441,-1.46268,-6.55199;0.206919,-1.71004,-6.55199;0.183147,-1.60324,-6.55199;0.324365,-1.65592,-6.55199;0.208077,-1.58577,-6.55199;0.303207,-1.68123,-6.55199;0.44185,-1.51219,-6.55199;0.229467,-1.6271
0.179182,-1.60418,-6.55199;0.163647,-1.61029,-6.55199;0.164704,-1.6988,-6.55199;0.345814,-1.44494,-6.55199;0.241804,-1.58527,-6.55199;0.221026,-1.68132,-6.55199;0.261663,-1.63812,-6.55199;0.239163,-1.64583,-6.55199;0.280683,-1.56738,-6.55199;-0.103454,-1.77553,-6.55199;0.229467,-1.6271
0.186632,-1.56686,-6.55199;0.100305,-1.73839,-6.55199;0.226539,-1.6177,-6.55199;0.247777,-1.90278,-6.55199;0.262316,-1.51082,-6.55199;0.211161,-1.65524,-6.55199;0.080813,-1.56688,-6.55199;0.253638,-1.67379,-6.55199;0.23698,-1.51269,-6.55199;-0.0476371,-1.73442,-6.55199;0.229467,-1.6271
0.235782,-1.62559,-6.55199;0.151446,-1.72738,-6.55199;0.180226,-1.67891,-6.55199;0.345213,-1.64918,-6.55199;0.22501,-1.64331,-6.55199;0.205903,-1.63223,-6.55199;0.16793,-1.59727,-6.55199;0.221616,-1.61193,-6.55199;0.254949,-1.60874,-6.55199;0.775479,-1.3659,-6.55199;0.229467,-1.6271
0.179589,-1.60943,-6.76167;0.136844,-1.54614,-6.76167;0.228017,-1.62446,-6.76167;0.215541,-1.61536,-6.76167;0.170067,-1.7307,-6.76167;0.240752,-1.75898,-6.76167;-0.0316747,-1.81767,-6.76167;0.225346,-1.62013,-6.76167;0.050521,-1.69736,-6.76167;0.0899784,-1.67037,-6.76167;0.228017,-1.62446
0.132309,-1.61527,-6.76167;0.256117,-1.5591,-6.76167;0.208816,-1.65176,-6.76167;0.192419,-1.46179,-6.76167;0.228873,-1.61594,-6.76167;0.237634,-1.66053,-6.76167;0.199267,-1.7713,-6.76167;0.221834,-1.61261,-6.76167;0.231304,-1.66541,-6.76167;-0.614441,-2.00436,-6.76167;0.228017,-1.62446
0.262427,-1.62444,-6.76167;0.328211,-1.61036,-6.76167;0.236609,-1.61225,-6.76167;0.225752,-1.62074,-6.76167;0.158172,-1.75633,-6.76167;0.226001,-1.55148,-6.76167;0.386263,-1.67062,-6.76167;0.230987,-1.63112,-6.76167;0.364693,-1.60493,-6.76167;-0.245466,-1.83236,-6.76167;0.228017,-1.62446
0.185251,-1.60078,-6.76167;0.313133,-1.60839,-6.76167;0.242197,-1.6043,-6.76167;0.251314,-1.74129,-6.76167;0.160574,-1.75088,-6.76167;0.218813,-1.5252,-6.76167;0.34985,-1.54296,-6.76167;0.235502,-1.6403,-6.76167;0.189881,-1.64298,-6.76167;0.490676,-1.49864,-6.76167;0.228017,-1.62446
0.122862,-1.59084,-6.76167;0.224554,-1.58825,-6.76167;0.224457,-1.62953,-6.76167;0.207379,-1.52995,-6.76167;0.19115,-1.68961,-6.76167;0.241113,-1.71616,-6.76167;0.176153,-1.54454,-6.76167;0.229467,-1.62813,-6.76167;0.124502,-1.67234,-6.76167;0.220163,-1.60618,-6.76167;0.228017,-1.62446
0.341421,-1.80027,-6.78831;0.340117,-1.6902,-6.78831;0.121093,-1.78848,-6.78831;0.262037,-1.53923,-6.78831;0.225009,-1.62229,-6.78831;0.113944,-1.68695,-6.78831;0.354661,-1.52458,-6.78831;0.376545,-1.80828,-6.78831;0.156625,-1.70916,-6.78831;0.269502,-1.53111,-6.78831;0.225009,-1.62229
0.405472,-1.80567,-6.78831;0.170316,-1.62867,-6.78831;0.117286,-1.79321,-6.78831;0.227437,-1.51962,-6.78831;0.253099,-1.56854,-6.78831;0.155994,-1.68386,-6.78831;0.225064,-1.64602,-6.78831;0.234797,-1.62865,-6.78831;0.261435,-1.63522,-6.78831;-0.0340249,-1.73413,-6.78831;0.225009,-1.62229
0.303793,-1.78377,-6.78831;0.182439,-1.61037,-6.78831;0.234502,-1.60802,-6.78831;0.209517,-1.51815,-6.78831;0.215496,-1.64049,-6.78831;0.226254,-1.64714,-6.78831;0.127297,-1.71594,-6.78831;0.326084,-1.74874,-6.78831;0.109072,-1.7246,-6.78831;0.391588,-1.45384,-6.78831;0.225009,-1.62229
0.186736,-1.68446,-6.78831;0.196833,-1.59805,-6.78831;0.281934,-1.53293,-6.78831;0.219745,-1.55891,-6.78831;0.200989,-1.66825,-6.78831;0.278424,-1.60338,-6.78831;0.289577,-1.58124,-6.78831;0.286527,-1.70369,-6.78831;0.156456,-1.66793,-6.78831;0.420074,-1.48535,-6.78831;0.225009,-1.62229
0.101043,-1.60542,-6.78831;0.207807,-1.58886,-6.78831;0.277678,-1.53914,-6.78831;0.232257,-1.64744,-6.78831;0.248718,-1.57692,-6.78831;0.261295,-1.5951,-6.78831;0.370415,-1.51035,-6.78831;0.207653,-1.60482,-6.78831;0.237847,-1.59479,-6.78831;0.0596195,-1.66662,-6.78831;0.225009,-1.62229
0.4389,-1.68214,-6.78973;0.348272,-1.75745,-6.78973;0.0520468,-1.71302,-6.78973;0.254748,-1.57217,-6.78973;0.321448,-1.56397,-6.78973;0.374975,-1.73539,-6.78973;0.113342,-1.67943,-6.78973;0.23538,-1.7694,-6.78973;0.205392,-1.74768,-6.78973;0.327933,-1.52834,-6.78973;0.254748,-1.57217
0.285497,-1.57271,-6.78973;0.256847,-1.57274,-6.78973;0.244329,-1.60428,-6.78973;0.260339,-1.61029,-6.78973;0.30653,-1.57561,-6.78973;0.195436,-1.56369,-6.78973;0.0190983,-1.77889,-6.78973;0.216572,-1.48135,-6.78973;0.251376,-1.60412,-6.78973;0.408042,-1.45886,-6.78973;0.256847,-1.57274
0.146821,-1.49022,-6.78973;0.187913,-1.43346,-6.78973;0.2576,-1.58932,-6.78973;0.251565,-1.54369,-6.78973;0.259849,-1.58234,-6.78973;0.0678235,-1.43647,-6.78973;0.149545,-1.64554,-6.78973;0.255702,-1.42862,-6.78973;0.237089,-1.65275,-6.78973;0.175189,-1.69841,-6.78973;0.237089,-1.65275
0.159063,-1.59761,-6.78973;0.29433,-1.78499,-6.78973;0.176532,-1.66055,-6.78973;0.236959,-1.6411,-6.78973;0.218235,-1.60727,-6.78973;0.0132587,-1.39056,-6.78973;0.317474,-1.56436,-6.78973;0.251258,-1.86294,-6.78973;0.226316,-1.68942,-6.78973;0.000541957,-1.87835,-6.78973;0.237089,-1.65275
0.305345,-1.69508,-6.78973;0.312764,-1.82197,-6.78973;0.147326,-1.71015,-6.78973;0.260162,-1.58219,-6.78973;0.228227,-1.6634,-6.78973;0.276125,-1.65796,-6.78973;0.36969,-1.58497,-6.78973;0.235073,-2.03377,-6.78973;0.236428,-1.655,-6.78973;0.20503,-1.6786,-6.78973;0.237089,-1.65275
0.36945,-1.71594,0;0.183033,-1.27729,0;0.160628,-1.68947,0;0.256512,-1.60244,0;0.245973,-1.69346,0;0.470894,-1.85912,0;0.320347,-1.64387,0;0.224162,-1.67402,0;0.244529,-1.62743,0;0.382986,-1.50882,0;0.237089,-1.65275
0.307396,-1.66206,0;0.237169,-1.49623,0;0.259942,-1.60464,0;0.25187,-1.60608,0;0.250726,-1.69764,0;0.347961,-1.77042,0;0.269198,-1.55689,0;0.230875,-1.37819,0;0.239195,-1.64559,0;0.215725,-1.66795,0;0.239195,-1.64559
0.196585,-1.57415,0;0.302734,-1.91249,0;0.265307,-1.61218,0;0.250987,-1.60164,0;0.213653,-1.60897,0;0.0794514,-1.48006,0;0.214516,-1.50641,0;0.221134,-1.54659,0;0.217263,-1.6336,0;0.0886159,-1.75965,0;0.213653,-1.60897
0.131262,-1.54506,0;0.211737,-1.56638,0;0.124458,-1.66459,0;0.259769,-1.5607,0;0.185699,-1.54212,0;0.0243716,-1.39457,0;0.222736,-1.51585,0;0.213132,-1.6876,0;0.210322,-1.60356,0;0.0857165,-1.71905,0;0.213653,-1.60897
0.105695,-1.53417,0;0.154301,-1.33925,0;0.135002,-1.66774,0;0.248331,-1.57769,0;0.207168,-1.59347,0;0.517513,-1.90102,0;0.325205,-1.63889,0;0.220186,-1.75359,0;0.232944,-1.62207,0;0.374275,-1.52016,0;0.213653,-1.60897
0.377001,-1.789,-6.80386;0.195205,-1.58199,-6.80386;0.149644,-1.78751,-6.80386;0.186048,-1.56756,-6.80386;0.239772,-1.57063,-6.80386;0.351533,-1.67471,-6.80386;0.240804,-1.55213,-6.80386;0.241671,-1.54491,-6.80386;0.416378,-1.78818,-6.80386;0.346637,-1.52259,-6.80386;0.239772,-1.57063
0.301223,-1.62105,-6.80386;0.346685,-1.94779,-6.80386;0.329459,-1.51446,-6.80386;0.215765,-1.60354,-6.80386;0.252854,-1.60191,-6.80386;0.362903,-1.70236,-6.80386;0.193248,-1.58099,-6.80386;0.247461,-1.40363,-6.80386;0.368597,-1.73621,-6.80386;0.260732,-1.5534,-6.80386;0.239772,-1.57063
0.260876,-1.58628,-6.80386;0.3481,-1.82862,-6.80386;0.0524383,-1.9023,-6.80386;0.257889,-1.61625,-6.80386;0.24805,-1.56867,-6.80386;0.346455,-1.68122,-6.80386;0.226539,-1.60816,-6.80386;0.249222,-1.36662,-6.80386;0.336214,-1.69472,-6.80386;0.195962,-1.57702,-6.80386;0.260876,-1.58628
0.230455,-1.56007,-6.80386;0.0856159,-1.19336,-6.80386;0.0742702,-1.90206,-6.80386;0.188187,-1.52149,-6.80386;0.235243,-1.55761,-6.80386;0.272827,-1.59736,-6.80386;0.235138,-1.59744,-6.80386;0.249011,-1.50249,-6.80386;0.279247,-1.61659,-6.80386;0.217897,-1.60494,-6.80386;0.260876,-1.58628
0.257984,-1.58379,-6.80386;0.22258,-1.686,-6.80386;0.386124,-1.41879,-6.80386;0.172976,-1.53829,-6.80386;0.228217,-1.55565,-6.80386;0.345041,-1.68146,-6.80386;0.225733,-1.56553,-6.80386;0.251907,-1.66568,-6.80386;0.301987,-1.64671,-6.80386;0.226808,-1.60675,-6.80386;0.260876,-1.58628
0.281907,-1.6044,-6.74354;-0.0384558,-1.76558,-6.74354;0.400616,-1.3913,-6.74354;0.300245,-1.53073,-6.74354;0.248261,-1.57987,-6.74354;0.367177,-1.70833,-6.74354;0.0486146,-1.76871,-6.74354;0.262906,-1.71069,-6.74354;0.274008,-1.60309,-6.74354;0.319936,-1.53608,-6.74354;0.260876,-1.58628
0.293681,-1.61455,-6.74354;0.0515438,-1.86714,-6.74354;0.12053,-1.80994,-6.74354;0.31619,-1.59296,-6.74354;0.267667,-1.60031,-6.74354;0.304497,-1.63547,-6.74354;0.0480009,-1.75523,-6.74354;0.250704,-1.52585,-6.74354;0.288388,-1.62619,-6.74354;0.319628,-1.50295,-6.74354;0.260876,-1.58628
0.228534,-1.55842,-6.74354;0.245733,-1.66563,-6.74354;0.0154006,-2.00502,-6.74354;0.252005,-1.53906,-6.74354;0.245757,-1.57661,-6.74354;0.273692,-1.59947,-6.74354;0.27574,-1.56396,-6.74354;0.253106,-1.46893,-6.74354;0.290739,-1.63241,-6.74354;0.311259,-1.5307,-6.74354;0.260876,-1.58628
0.256489,-1.5825,-6.74354;0.40005,-1.4723,-6.74354;0.284118,-1.57214,-6.74354;0.207002,-1.51648,-6.74354;0.24571,-1.57036,-6.74354;0.252053,-1.57542,-6.74354;0.443458,-1.42574,-6.74354;0.260706,-1.53101,-6.74354;0.284162,-1.61928,-6.74354;0.258067,-1.60404,-6.74354;0.260876,-1.58628
0.290118,-1.61148,-6.74354;0.264643,-1.60477,-6.74354;0.478774,-1.25059,-6.74354;0.325227,-1.62045,-6.74354;0.255832,-1.57916,-6.74354;0.246067,-1.57001,-6.74354;0.510812,-1.37277,-6.74354;0.263255,-1.62795,-6.74354;0.277824,-1.61042,-6.74354;0.320273,-1.53617,-6.74354;0.260876,-1.58628
0.0312333,-1.72544,-6.69311;0.106256,-1.81014,-6.69311;0.275041,-1.81084,-6.69311;-0.00747483,-1.78141,-6.69311;0.289123,-1.65644,-6.69311;0.114651,-1.7978,-6.69311;0.41794,-1.82429,-6.69311;0.223261,-1.66615,-6.69311;0.30933,-1.69428,-6.69311;0.397906,-1.78742,-6.69311;0.223261,-1.66615
0.120684,-1.66762,-6.69311;0.147165,-1.745,-6.69311;0.115687,-2.04388,-6.69311;0.0881195,-1.8065,-6.69311;0.263051,-1.67039,-6.69311;0.137425,-1.77794,-6.69311;0.172401,-1.98206,-6.69311;0.222625,-1.72506,-6.69311;0.301917,-1.71714,-6.69311;0.243215,-1.63034,-6.69311;0.223261,-1.66615
0.215531,-1.62364,-6.69311;0.214536,-1.65805,-6.69311;0.325153,-1.64956,-6.69311;0.275455,-1.69007,-6.69311;0.230551,-1.67763,-6.69311;0.201905,-1.68941,-6.69311;0.119418,-1.8962,-6.69311;0.215921,-1.68713,-6.69311;0.248299,-1.68129,-6.69311;0.169355,-1.58791,-6.69311;0.214536,-1.65805
0.164851,-1.68147,-6.69311;0.265334,-1.59248,-6.69311;0.35345,-1.36219,-6.69311;0.408647,-1.59805,-6.69311;0.198669,-1.67408,-6.69311;0.261854,-1.59452,-6.69311;0.195175,-1.78114,-6.69311;0.220508,-1.61482,-6.69311;0.207182,-1.65378,-6.69311;0.191324,-1.62818,-6.69311;0.207182,-1.65378
0.12977,-1.72303,-6.69311;0.275167,-1.57323,-6.69311;0.26813,-1.78145,-6.69311;0.421288,-1.55725,-6.69311;0.18418,-1.64863,-6.69311;0.223156,-1.62825,-6.69311;0.254971,-1.666,-6.69311;0.218125,-1.69768,-6.69311;0.176181,-1.63304,-6.69311;0.489826,-1.88048,-6.69311;0.207182,-1.65378
0.206928,-1.64651,-6.73271;0.227165,-1.62119,-6.73271;0.164587,-1.66922,-6.73271;0.153429,-1.77272,-6.73271;0.174154,-1.62935,-6.73271;0.151878,-1.75746,-6.73271;0.286917,-1.57386,-6.73271;0.213454,-1.65583,-6.73271;0.209246,-1.65099,-6.73271;0.484039,-1.86615,-6.73271;0.206928,-1.64651
0.265104,-1.58881,-6.73271;0.165991,-1.71051,-6.73271;0.119381,-1.68542,-6.73271;0.0635538,-1.7703,-6.73271;0.195684,-1.63321,-6.73271;0.157443,-1.75791,-6.73271;0.268443,-1.59219,-6.73271;0.202915,-1.61425,-6.73271;0.234144,-1.66447,-6.73271;0.433501,-1.81549,-6.73271;0.206928,-1.64651
0.210717,-1.64275,-6.73271;0.189662,-1.69296,-6.73271;0.122198,-1.68289,-6.73271;0.0938819,-1.73104,-6.73271;0.202085,-1.65953,-6.73271;0.250745,-1.61123,-6.73271;0.178956,-1.7815,-6.73271;0.200259,-1.62103,-6.73271;0.195986,-1.64131,-6.73271;0.264658,-1.67815,-6.73271;0.206928,-1.64651
0.164128,-1.68896,-6.73271;0.256063,-1.60092,-6.73271;0.186888,-1.65941,-6.73271;0.389409,-1.61699,-6.73271;0.212645,-1.66396,-6.73271;0.200082,-1.66086,-6.73271;0.124005,-1.88458,-6.73271;0.220258,-1.68511,-6.73271;0.186482,-1.63635,-6.73271;0.119688,-1.56491,-6.73271;0.206928,-1.64651
0.212843,-1.64064,-6.73271;0.192076,-1.67175,-6.73271;0.241702,-1.63782,-6.73271;0.469969,-1.61337,-6.73271;0.199697,-1.65701,-6.73271;0.168729,-1.68392,-6.73271;0.186332,-1.75956,-6.73271;0.219383,-1.68037,-6.73271;0.193659,-1.64089,-6.73271;0.097528,-1.54772,-6.73271;0.206928,-1.64651
0.241839,-1.61188,-6.75304;0.189688,-1.6876,-6.75304;0.238323,-1.63798,-6.75304;0.0845475,-1.65437,-6.75304;0.191318,-1.64976,-6.75304;0.194051,-1.65509,-6.75304;0.394325,-1.3673,-6.75304;0.203339,-1.61989,-6.75304;0.227144,-1.66042,-6.75304;0.0842016,-1.71926,-6.75304;0.206928,-1.64651
0.211427,-1.64205,-6.75304;0.238123,-1.62758,-6.75304;0.141096,-1.67212,-6.75304;-0.227648,-1.76298,-6.75304;0.197562,-1.64168,-6.75304;0.218544,-1.62976,-6.75304;0.377531,-1.44355,-6.75304;0.210803,-1.65373,-6.75304;0.224931,-1.65993,-6.75304;0.299292,-1.7635,-6.75304;0.206928,-1.64651
0.17826,-1.67494,-6.75304;0.236199,-1.62576,-6.75304;0.0849813,-1.69138,-6.75304;0.230673,-1.61084,-6.75304;0.205022,-1.6405,-6.75304;0.178628,-1.67571,-6.75304;0.199938,-1.72374,-6.75304;0.213768,-1.67428,-6.75304;0.186884,-1.63714,-6.75304;0.077439,-1.61482,-6.75304;0.206928,-1.64651
0.233833,-1.61982,-6.75304;0.201325,-1.65941,-6.75304;0.181696,-1.65579,-6.75304;0.494428,-1.55141,-6.75304;0.205768,-1.64699,-6.75304;0.179541,-1.67091,-6.75304;0.167266,-1.78384,-6.75304;0.212111,-1.66848,-6.75304;0.188771,-1.63807,-6.75304;0.0299093,-1.67608,-6.75304;0.206928,-1.64651
0.197656,-1.6557,-6.75304;0.180844,-1.68358,-6.75304;0.266402,-1.62649,-6.75304;-0.160588,-1.73089,-6.75304;0.20636,-1.65187,-6.75304;0.218769,-1.62802,-6.75304;0.353505,-1.44568,-6.75304;0.204895,-1.63364,-6.75304;0.202165,-1.64557,-6.75304;0.250302,-1.73154,-6.75304;0.206928,-1.64651
0.189436,-1.66386,-6.55281;0.219813,-1.64615,-6.55281;0.167859,-1.67171,-6.55281;-0.070355,-1.69797,-6.55281;0.221311,-1.63996,-6.55281;0.208757,-1.66072,-6.55281;0.190209,-1.64661,-6.55281;0.213894,-1.63298,-6.55281;0.216824,-1.65139,-6.55281;0.126957,-1.66788,-6.55281;0.219813,-1.64615
0.219896,-1.6344,-6.55281;0.249196,-1.61793,-6.55281;0.141875,-1.67845,-6.55281;0.241322,-1.61681,-6.55281;0.209097,-1.64728,-6.55281;0.210762,-1.67279,-6.55281;0.15756,-1.7477,-6.55281;0.221903,-1.68282,-6.55281;0.22871,-1.65431,-6.55281;0.131739,-1.597,-6.55281;0.219813,-1.64615
0.239929,-1.62517,-6.55281;0.21269,-1.65299,-6.55281;0.205347,-1.64895,-6.55281;0.313366,-1.59776,-6.55281;0.210401,-1.65169,-6.55281;0.219517,-1.64187,-6.55281;0.236687,-1.56564,-6.55281;0.215127,-1.67174,-6.55281;0.226899,-1.65229,-6.55281;0.146221,-1.60947,-6.55281;0.219813,-1.64615
0.222484,-1.64511,-6.55281;0.206597,-1.65988,-6.55281;0.266221,-1.62379,-6.55281;-0.178895,-1.73546,-6.55281;0.210731,-1.64915,-6.55281;0.225276,-1.62194,-6.55281;0.24727,-1.55091,-6.55281;0.202849,-1.62075,-6.55281;0.216202,-1.64514,-6.55281;0.236223,-1.69724,-6.55281;0.222484,-1.64511
0.20933,-1.66015,-6.55281;0.206904,-1.66001,-6.55281;0.153679,-1.6728,-6.55281;-0.123212,-1.72237,-6.55281;0.212344,-1.64618,-6.55281;0.194415,-1.70589,-6.55281;0.233169,-1.59261,-6.55281;0.219267,-1.64399,-6.55281;0.209905,-1.63975,-6.55281;0.0660845,-1.66965,-6.55281;0.222484,-1.64511
0.162029,-1.71602,-6.69354;0.0932693,-1.6605,-6.69354;0.0753407,-1.73685,-6.69354;0.0831325,-1.65255,-6.69354;0.208345,-1.76736,-6.69354;0.0954964,-1.71996,-6.69354;-0.00484814,-1.76357,-6.69354;0.112688,-1.72567,-6.69354;0.147111,-1.78373,-6.69354;0.137755,-1.71807,-6.69354;0.162029,-1.71602
0.174142,-1.70218,-6.69354;0.183168,-1.66047,-6.69354;0.0734925,-1.742,-6.69354;0.46447,-1.56153,-6.69354;0.189953,-1.72187,-6.69354;0.17929,-1.66329,-6.69354;0.00878486,-1.79477,-6.69354;0.131296,-1.73464,-6.69354;0.159136,-1.77279,-6.69354;0.248637,-1.61917,-6.69354;0.17929,-1.66329
0.187992,-1.6561,-6.69354;0.173527,-1.66325,-6.69354;0.0772903,-1.73678,-6.69354;0.592488,-1.53185,-6.69354;0.188003,-1.7094,-6.69354;0.24247,-1.62056,-6.69354;0.0798806,-1.75012,-6.69354;0.18714,-1.67924,-6.69354;0.186446,-1.66542,-6.69354;0.133991,-1.70797,-6.69354;0.17929,-1.66329
0.184213,-1.65294,-6.69354;0.17092,-1.66537,-6.69354;0.132769,-1.69493,-6.69354;0.0318128,-1.67424,-6.69354;0.221539,-1.79164,-6.69354;0.171226,-1.66874,-6.69354;0.216769,-1.64371,-6.69354;0.106426,-1.7311,-6.69354;0.148726,-1.7959,-6.69354;0.096019,-1.72712,-6.69354;0.17929,-1.66329
0.176464,-1.66941,-6.69354;0.175823,-1.66402,-6.69354;0.18632,-1.65541,-6.69354;-0.385254,-1.78104,-6.69354;0.203209,-1.72283,-6.69354;0.135212,-1.6931,-6.69354;0.0945539,-1.73082,-6.69354;0.133481,-1.7382,-6.69354;0.145176,-1.80368,-6.69354;0.171367,-1.67601,-6.69354;0.17929,-1.66329
0.341952,-1.7726,-6.65286;-0.0400449,-1.82088,-6.65286;0.407667,-1.7698,-6.65286;0.209567,-1.80903,-6.65286;0.244706,-1.79577,-6.65286;0.0335681,-1.81963,-6.65286;0.39589,-1.77895,-6.65286;0.145155,-1.77173,-6.65286;0.437677,-1.79475,-6.65286;0.164784,-1.78584,-6.65286;0.145155,-1.77173
0.278841,-1.78112,-6.65286;0.101258,-1.7835,-6.65286;0.173443,-1.77097,-6.65286;0.785802,-1.62196,-6.65286;0.191942,-1.74387,-6.65286;0.153934,-1.77174,-6.65286;0.390116,-1.76824,-6.65286;0.208233,-1.7087,-6.65286;0.215799,-1.69919,-6.65286;0.21882,-1.73768,-6.65286;0.173443,-1.77097
0.183611,-1.78296,-6.65286;0.29432,-1.74029,-6.65286;-0.00316201,-1.77185,-6.65286;-0.28737,-1.91338,-6.65286;0.143799,-1.72875,-6.65286;0.261084,-1.73499,-6.65286;0.159702,-1.76301,-6.65286;0.183204,-1.73574,-6.65286;0.426565,-1.80008,-6.65286;0.187898,-1.76032,-6.65286;0.187898,-1.76032
0.114931,-1.76784,-6.65286;0.227676,-1.75266,-6.65286;-0.00870598,-1.77056,-6.65286;-1.0331,-2.11726,-6.65286;0.332753,-1.85719,-6.65286;0.271862,-1.73374,-6.65286;0.0646738,-1.74708,-6.65286;0.150053,-1.77578,-6.65286;0.4801,-1.85102,-6.65286;0.17965,-1.77448,-6.65286;0.227676,-1.75266
0.143497,-1.77012,-6.65286;0.177426,-1.76198,-6.65286;0.501835,-1.75997,-6.65286;1.25982,-1.5453,-6.65286;0.349658,-1.8569,-6.65286;0.121372,-1.78496,-6.65286;0.233097,-1.75306,-6.65286;0.171518,-1.79017,-6.65286;0.468157,-1.86127,-6.65286;0.212051,-1.75328,-6.65286;0.212051,-1.75328
